AnimID	Name	AinmName	Layer	WrapMode	PlayMode	QueueMode	SPEED	TransitTime	LoopTime	LoopOverAnimId	IsCanBreak	StartEffect01	IsStartEffectAutoEnd01	StartEffect02	IsStartEffectAutoEnd02	StartEffect03	IsStartEffectAutoEnd03	StartEffect04	IsStartEffectAutoEnd04	EndEffect	IsCallEnd	NextAnimId	SoundID
INT	STRING	STRING	BYTE	BYTE	BYTE	BYTE	FLOAT	FLOAT	INT	int	BOOL	INT	BOOL	INT	BOOL	INT	BOOL	INT	BOOL	INT	BOOL	INT	SHORT
#预留																							
#本行程序不读 动画ID	描述	动画名称	优先级	播放模式1	播放模式2	播放模式3	速度	过渡时间	循环次数	循环结束动作	是否能被打断	起始特效01ID	起始特效01是否自动结束	起始特效02ID	起始特效02是否自动结束	起始特效03ID	起始特效03是否自动结束	起始特效04ID	起始特效04是否自动结束	结束特效ID	结束后是否回调	结束后的下一动作	动作音效
0	站立	Stand	1	2	4	0	1	0.2	-1	-1	1	-1	0	-1	0	-1	0	-1	0	-1	0	-1	-1
1	跑动	Run	1	2	4	0	1	0	-1	-1	1	-1	0	-1	0	-1	0	-1	0	-1	0	-1	-1
2	少林普攻1	Attack_01	2	1	4	2	1	0.1	-1	-1	0	1	0	-1	0	-1	0	-1	0	-1	1	3	57
3	少林普攻2	Attack_02	2	1	4	2	1	0.1	-1	-1	0	2	1	-1	0	-1	0	-1	0	-1	1	4	58
4	少林普攻3	Attack_03	2	1	4	2	1	0.1	-1	-1	0	3	1	-1	0	-1	0	-1	0	-1	1	-1	59
5	少林罗汉棍	Skill_Luohangun	2	1	4	2	1	0.2	-1	-1	0	4	1	-1	0	-1	0	-1	0	-1	1	-1	70
6	少林摩诃无量	Skill_Mohewuliang	2	2	4	2	1	0.2	13	-1	0	5	0	-1	0	-1	0	-1	0	-1	1	-1	67
7	少林XP起手	Skill_Xp_Loop	2	2	4	2	1	0.2	2	8	0	6	0	-1	0	-1	0	-1	0	-1	1	-1	76
8	少林XP结束	Skill_Xp_End	2	1	4	2	1	0.2	-1	-1	0	7	1	-1	0	-1	0	-1	0	-1	1	-1	80
9	怪物普攻	Attack	2	1	4	2	1	0.2	-1	-1	1	-1	0	-1	0	-1	0	-1	0	-1	1	-1	-1
10	受击	Hit	2	1	4	2	1	0	-1	-1	0	-1	0	-1	0	-1	0	-1	0	-1	0	-1	-1
11	击倒	Knockback_01	2	1	4	2	1	0	-1	-1	0	-1	0	-1	0	-1	0	-1	0	-1	0	-1	-1
12	击飞	Knockback_02	2	1	4	2	1	0	-1	-1	0	-1	0	-1	0	-1	0	-1	0	-1	0	-1	-1
13	死亡	Die	2	1	4	2	1	0.2	-1	-1	0	-1	0	-1	0	-1	0	-1	0	-1	1	53	-1
14	主角受击	Hit	2	1	4	2	1	0.2	-1	-1	1	-1	0	-1	0	-1	0	-1	0	-1	0	-1	-1
15	骑马站立	Ride_Stand	1	2	4	0	1	0.2	-1	-1	1	-1	0	-1	0	-1	0	-1	0	-1	0	-1	-1
16	骑马跑动	Ride_Run	1	2	4	0	1	0.1	-1	-1	1	-1	0	-1	0	-1	0	-1	0	-1	0	-1	-1
17	逍遥普攻1	Attack_01	2	1	4	0	1	0.1	-1	-1	0	12	1	57	1	-1	0	-1	0	-1	1	18	63
18	逍遥普攻2	Attack_02	2	1	4	0	1	0.1	-1	-1	0	13	1	58	1	-1	0	-1	0	-1	1	19	64
19	逍遥普攻3	Attack_03	2	1	4	0	1	0.2	-1	-1	0	14	1	59	1	-1	0	-1	0	-1	1	-1	65
20	北冥神功起始(废弃)	Skill_Beimingshengong_Start	2	1	4	0	1	0.1	-1	-1	0	-1	0	-1	0	-1	0	-1	0	-1	1	22	71
21	北冥神功循环(废弃)	Skill_Beimingshengong_Loop	2	2	4	0	1	0.1	1	22	0	19	0	-1	0	-1	0	-1	0	-1	1	-1	-1
22	北冥神功终止(废弃)	Skill_Beimingshengong_End	2	1	4	0	1	0.1	-1	-1	0	-1	0	-1	0	-1	0	-1	0	-1	1	-1	-1
23	小无相功	Skill_Xiaowuxiang	2	1	4	0	1	0.2	-1	-1	0	17	1	-1	0	-1	0	-1	0	-1	1	-1	82
24	毁天灭地起始	Skill_Xp_Huitianmiedi_Start	2	1	4	0	1	0.2	-1	-1	0	15	1	-1	0	-1	0	-1	0	-1	1	26	77
25	毁天灭地循环（废弃）	Skill_Xp_Huitianmiedi_Loop	2	2	4	0	1	0.1	1	26	0	-1	0	-1	0	-1	0	-1	0	-1	1	-1	-1
26	毁天灭地终止	Skill_Xp_Huitianmiedi_End	2	1	4	0	1	0.1	-1	-1	0	16	1	-1	0	-1	0	-1	0	-1	1	-1	81
27	祝融掌起始	Skill_Zhurongzhang_Start	2	1	4	0	1	0.2	-1	-1	0	-1	0	-1	0	-1	0	-1	0	-1	1	28	-1
28	祝融掌循环	Skill_Zhurongzhang_Loop	2	2	4	0	1	0.1	3	29	0	21	0	-1	0	-1	0	-1	0	-1	1	-1	68
29	祝融掌停止	Skill_Zhurongzhang_End	2	1	4	0	1	0.1	-1	-1	0	-1	0	-1	0	-1	0	-1	0	-1	1	-1	-1
30	寒冰掌	Skill_Hanbingjing	2	1	4	0	1	0.2	-1	-1	0	-1	0	-1	0	-1	0	-1	0	-1	1	-1	-1
31	天山普攻1	Attack_01	2	1	4	0	1	0.1	-1	-1	0	22	1	-1	0	-1	0	-1	0	-1	1	32	60
32	天山普攻2	Attack_02	2	1	4	0	1	0.1	-1	-1	0	23	1	-1	0	-1	0	-1	0	-1	1	33	61
33	天山普攻3	Attack_03	2	1	4	0	1	0.1	-1	-1	0	24	1	-1	0	-1	0	-1	0	-1	1	-1	62
34	八荒六合起手	Skill_Xp_Bahuangliuhe_Start	2	1	4	0	1	0.2	-1	-1	0	-1	0	-1	0	-1	0	-1	0	-1	1	35	88
35	八荒六合循环	Skill_Xp_Bahuangliuhe_Loop	2	2	4	0	1	0.2	1	36	0	25	0	-1	0	-1	0	-1	0	-1	1	-1	89
36	八荒六合结束	Skill_Xp_Bahuangliuhe_End	2	1	4	0	1	0.1	-1	-1	0	26	1	-1	0	-1	0	-1	0	-1	1	-1	91
37	天山折梅手	Skill_Tianshanzhemeishou	2	1	4	0	1	0.1	-1	-1	0	27	1	-1	0	-1	0	-1	0	-1	1	-1	73
38	移花接木	Skill_Yihuajiemu	2	1	4	0	1	0.1	-1	-1	0	30	1	-1	0	-1	0	-1	0	-1	1	-1	83
39	天山六阳掌	Skill_Tianshanliuyangzhang	2	1	4	0	1	0.1	-1	-1	0	28	1	29	1	-1	0	-1	0	-1	1	-1	66
40	大理普攻1	Attack_01	2	1	4	0	1	0.1	-1	-1	0	31	1	-1	0	-1	0	-1	0	-1	1	41	54
41	大理普攻2	Attack_02	2	1	4	0	1	0.1	-1	-1	0	32	1	-1	0	-1	0	-1	0	-1	1	42	55
42	大理普攻3	Attack_03	2	1	4	0	1	0.1	-1	-1	0	33	1	-1	0	-1	0	-1	0	-1	1	-1	56
43	暴雨梨花起始	Skill_Xp_Loop	2	2	4	0	1	0.2	2	44	0	34	0	-1	0	-1	0	-1	0	-1	1	-1	87
44	暴雨梨花终止	Skill_Xp_End	2	1	4	0	1	0.1	-1	-1	0	35	1	-1	0	-1	0	-1	0	-1	1	-1	90
45	一阳指	Skill_Yiyangzhi	2	1	4	0	1	0.2	-1	-1	0	36	0	-1	0	-1	0	-1	0	-1	1	-1	69
46	流星赶月	Skill_Liuxingganyue	2	1	4	0	1	0.2	-1	-1	0	38	0	-1	0	-1	0	-1	0	-1	1	-1	102
47	六脉神剑	Skill_Liumaishenjian	2	1	4	0	1	0.2	-1	-1	0	73	1	-1	0	-1	0	-1	0	-1	1	-1	75
48	少林迦叶功	Skill_Jiayegong	2	1	4	0	1	0.2	-1	-1	0	39	1	40	1	-1	0	-1	0	-1	1	-1	92
49	雁门关末尾剧情-乔峰1(废弃)	Skill_Xp_Loop	2	1	4	0	1	0.2	-1	-1	0	-1	0	-1	0	-1	0	-1	0	-1	1	50	89
50	雁门关末尾剧情-乔峰2(废弃)	Skill_Yituiweijin	2	1	4	0	1	0.1	-1	-1	0	12	1	-1	0	-1	0	-1	0	-1	1	54	60
51	少林冲锋动作	Dash	2	2	4	0	1	0	3	48	0	-1	0	-1	0	-1	0	-1	0	-1	1	-1	93
52	天山冲锋动作	Dash	2	2	4	0	1	0	3	38	0	-1	0	-1	0	-1	0	-1	0	-1	1	-1	-1
53	尸体	Dead	2	2	4	2	1	0.2	-1	-1	0	-1	0	-1	0	-1	0	-1	0	-1	1	-1	-1
54	雁门关末尾剧情-乔峰3(废弃)	Skill_Liuxingganyue	2	1	4	0	1	0.1	-1	-1	0	13	1	-1	0	-1	0	-1	0	-1	1	55	61
55	雁门关末尾剧情-乔峰4(废弃)	Skill_Xp_End	2	1	4	0	1	0.1	-1	-1	0	45	0	-1	-1	-1	0	-1	0	-1	1	-1	80
56	雁门关末尾剧情-黑衣人1(废弃)	Skill_Xp_Loop	2	1	4	0	1	0.2	-1	-1	0	-1	0	-1	0	-1	0	-1	0	-1	1	57	-1
57	雁门关末尾剧情-黑衣人2(废弃)	Skill_Liumaishenjian	2	1	4	0	1	0.1	-1	-1	0	12	1	-1	0	-1	0	-1	0	-1	1	58	62
58	雁门关末尾剧情-黑衣人3(废弃)	Skill_Huadiweilao	2	1	4	0	1	0.2	-1	-1	0	14	1	-1	0	-1	0	-1	0	-1	1	59	60
59	雁门关末尾剧情-黑衣人4(废弃)	Skill_Liumaishenjian	2	1	4	0	1	0.1	-1	-1	0	13	0	-1	0	-1	0	-1	0	-1	1	-1	61
60	少林跳跃01	Jump_01	2	1	4	0	1	0.1	-1	-1	0	-1	0	-1	0	-1	0	-1	0	-1	1	62	-1
61	少林跳跃01_循环	Jump_01_Loop	2	1	4	0	1	0.1	-1	-1	0	-1	0	-1	0	-1	0	-1	0	-1	1	-1	-1
62	少林跳跃02	Jump_02	2	1	4	0	1	0.1	-1	-1	0	-1	0	-1	0	-1	0	-1	0	-1	1	64	-1
63	少林跳跃02_循环	Jump_02_Loop	2	1	4	0	1	0.1	-1	-1	0	-1	0	-1	0	-1	0	-1	0	-1	1	-1	-1
64	少林跳跃03	Jump_03	2	1	4	0	1	0.1	-1	-1	0	-1	0	-1	0	-1	0	-1	0	-1	1	67	-1
65	少林跳跃03_循环	Jump_03_Loop	2	1	4	0	1	0.1	-1	-1	0	-1	0	-1	0	-1	0	-1	0	-1	1	-1	-1
66	少林跳跃落地接跑步	Jump_End_Run	2	1	4	0	1	0.1	-1	-1	0	-1	0	-1	0	-1	0	-1	0	-1	1	-1	-1
67	少林跳跃落地接站立	Jump_End_Stand	2	1	4	0	1	0.1	-1	-1	0	-1	0	-1	0	-1	0	-1	0	-1	1	0	-1
68	少林跳跃左斜	Fastrun_Left	2	2	4	0	1	0.1	-1	-1	0	-1	0	-1	0	-1	0	-1	0	-1	1	-1	-1
69	少林跳跃右斜	Fastrun_Right	2	2	4	0	1	0.1	-1	-1	0	-1	0	-1	0	-1	0	-1	0	-1	1	-1	-1
70	少林韦陀杵	Skill_WeiTuoChu	2	1	4	2	1	0.2	-1	-1	0	74	1	-1	0	-1	0	-1	0	-1	1	-1	74
71	少林狮吼功	Skill_ShiHouGong	2	1	4	2	1	0.2	-1	-1	0	75	1	-1	0	-1	0	-1	0	-1	1	-1	95
72	少林金钟罩	Skill_Jinzhongzhao	2	1	4	2	1	0.2	-1	-1	0	76	1	-1	0	-1	0	-1	0	-1	1	-1	99
73	天山生死符	Skill_Shengsifu	2	1	4	2	1	0.2	-1	-1	0	78	1	-1	0	-1	0	-1	0	-1	1	-1	86
74	天山雪花六出	Skill_Xuehualiuchu	2	1	4	2	1	0.2	-1	-1	0	70	1	-1	0	-1	0	-1	0	-1	1	-1	96
75	天山隐遁	Skill_Yingdun	2	1	4	2	1	0.2	-1	-1	0	79	1	-1	0	-1	0	-1	0	-1	1	-1	101
76	大理画地为牢	Skill_Huadiweilao	2	1	4	2	1	0.2	-1	-1	0	83	1	-1	0	-1	0	-1	0	-1	1	-1	98
77	大理无所遁形	Skill_Wusuodunxing	2	1	4	2	1	0.2	-1	-1	0	80	1	81	1	-1	0	-1	0	-1	1	-1	72
78	大理以退为进	Skill_Yituiweijin	2	1	4	2	1	0.2	-1	-1	0	71	1	72	1	-1	0	-1	0	-1	1	-1	97
79	逍遥寒霜怒血_起手	Skill_Hanshuangnuxue_Start	2	1	4	2	1	0.2	-1	-1	0	68	1	-1	0	-1	0	-1	0	-1	1	83	84
80	逍遥寒冰镜	Skill_Hanbingjing	2	1	4	2	1	0.2	-1	-1	0	88	1	-1	0	-1	0	-1	0	-1	1	-1	94
81	逍遥凌波微步_起手	Skill_lingboweibu_Start	2	1	4	2	1	0.2	-1	-1	0	84	0	-1	0	-1	0	-1	0	-1	1	82	100
82	逍遥凌波微步_结束	Skill_lingboweibu_End	2	1	4	2	1	0.2	-1	-1	0	85	1	-1	0	-1	0	-1	0	-1	1	-1	-1
83	逍遥寒霜怒血_循环	Skill_Hanshuangnuxue_Loop	2	2	4	2	1	0.1	5	84	0	69	0	-1	0	-1	0	-1	0	-1	1	-1	85
84	逍遥寒霜怒血_结束	Skill_Hanshuangnuxue_End	2	1	4	2	1	0.1	-1	-1	0	-1	0	-1	0	-1	0	-1	0	-1	1	-1	-1
85	雁门关末尾剧情-黑衣人瘦	Yanmenguan_Fight	2	1	4	0	1	0.2	-1	-1	0	129	1	-1	0	-1	0	-1	0	-1	1	-1	-1
86	雁门关末尾剧情-黑衣人胖	Yanmenguan_Fight	2	1	4	0	1	0.2	-1	-1	0	127	1	128	1	-1	0	-1	0	-1	1	-1	-1
87	怪物普攻-豪华版	Attack	2	1	4	2	1	0.2	-1	-1	1	138	1	-1	0	-1	0	-1	0	-1	1	-1	-1
88	怪物普攻	Attack	2	1	4	2	1	0.2	-1	-1	1	67	1	-1	0	-1	0	-1	0	-1	1	-1	-1
89	boss技能降龙十八掌	Attack	2	1	4	2	1	0.2	-1	-1	1	124	1	-1	0	-1	0	-1	0	-1	1	-1	-1
90	boss技能奉天承运	Attack	2	1	4	2	1	0.2	-1	-1	1	125	1	-1	0	-1	0	-1	0	-1	1	-1	-1
91	boss技能小人之心	Attack	2	1	4	2	1	0.2	-1	-1	1	126	1	-1	0	-1	0	-1	0	-1	1	-1	-1
92	逍遥寒霜怒血_起手6级	Skill_Hanshuangnuxue_Start	2	1	4	2	1	0.2	-1	-1	0	68	1	-1	0	-1	0	-1	0	-1	1	93	84
93	逍遥寒霜怒血_循环6级	Skill_Hanshuangnuxue_Loop	2	2	4	2	1	0.1	6	84	0	69	0	-1	0	-1	0	-1	0	-1	1	-1	85
94	逍遥寒霜怒血_起手7级	Skill_Hanshuangnuxue_Start	2	1	4	2	1	0.2	-1	-1	0	68	1	-1	0	-1	0	-1	0	-1	1	95	84
95	逍遥寒霜怒血_循环7级	Skill_Hanshuangnuxue_Loop	2	2	4	2	1	0.1	7	84	0	69	0	-1	0	-1	0	-1	0	-1	1	-1	85
96	逍遥寒霜怒血_起手8级	Skill_Hanshuangnuxue_Start	2	1	4	2	1	0.2	-1	-1	0	68	1	-1	0	-1	0	-1	0	-1	1	97	84
97	逍遥寒霜怒血_循环8级	Skill_Hanshuangnuxue_Loop	2	2	4	2	1	0.1	8	84	0	69	0	-1	0	-1	0	-1	0	-1	1	-1	85
98	逍遥寒霜怒血_起手9级	Skill_Hanshuangnuxue_Start	2	1	4	2	1	0.2	-1	-1	0	68	1	-1	0	-1	0	-1	0	-1	1	99	84
99	逍遥寒霜怒血_循环9级	Skill_Hanshuangnuxue_Loop	2	2	1	2	1	0.1	9	84	0	69	0	-1	0	-1	0	-1	0	-1	1	-1	85
100	逍遥寒霜怒血_起手10级	Skill_Hanshuangnuxue_Start	2	1	4	2	1	0.2	-1	-1	0	68	1	-1	0	-1	0	-1	0	-1	1	101	84
101	逍遥寒霜怒血_循环10级	Skill_Hanshuangnuxue_Loop	2	2	4	2	1	0.1	10	84	0	69	0	-1	0	-1	0	-1	0	-1	1	-1	85
102	战斗站立	Attack_Stand	1	2	4	0	1	0.2	-1	-1	1	-1	0	-1	0	-1	0	-1	0	-1	0	-1	-1
103	聚贤庄BOSS2技能-盾击	Skill_Dunji	2	1	4	2	1	0.2	-1	-1	1	140	1	-1	0	-1	0	-1	0	-1	1	-1	-1
104	聚贤庄BOSS2技能-盾旋	Skill_Dunxuan	2	1	4	2	1	0.2	-1	-1	1	141	1	-1	0	-1	0	-1	0	-1	1	-1	-1
105	击退动作	Hit	2	1	4	2	1	0	-1	-1	0	-1	0	-1	0	-1	0	-1	0	-1	0	-1	-1
106	少室山丁春秋-三笑逍遥	Skill_Sanxiaoxiaoyao	2	1	4	2	1	0.1	-1	-1	0	155	0	-1	0	-1	0	-1	0	-1	0	-1	-1
107	少室山丁春秋-腐尸无边	Skill_Fushiwubian	2	1	4	2	1	0.2	-1	-1	0	157	0	-1	0	-1	0	-1	0	-1	0	-1	-1
108	少室山萧远山-大海无量	Skill_Dahaiwuliang	2	1	4	2	1	0.1	-1	-1	0	192	1	-1	0	-1	0	-1	0	-1	0	-1	-1
109	少室山萧远山-袈裟伏魔	Skill_Jiashafumo	2	1	4	2	1	0.1	-1	-1	0	189	0	-1	0	-1	0	-1	0	-1	0	-1	-1
110	聚贤庄-金刚盾伤害	Attack	2	1	4	2	1	0.2	-1	-1	1	153	1	-1	0	-1	0	-1	0	-1	1	-1	-1
111	少室山游坦之-易筋经	Skill_Diwangzhixiang	2	1	4	2	1	0.1	-1	-1	0	-1	0	-1	0	-1	0	-1	0	-1	0	-1	-1
112	少室山鸠摩智-血祭	Skill_Huangtianhoutu	2	1	4	2	1	0.2	-1	-1	0	159	0	-1	0	-1	0	-1	0	-1	0	-1	-1
113	少室山鸠摩智-小无相功	Skill_Fengtianchengyun	2	1	4	2	1	0.2	-1	-1	0	161	0	-1	0	-1	0	-1	0	-1	0	-1	-1
114	少室山慕容博-以彼之道还施彼身	Skill_Douzhuanxingyi	2	1	4	2	1	0.2	-1	-1	0	162	0	-1	0	-1	0	-1	0	-1	0	-1	-1
115	少室山慕容博-复国大业	Skill_Quanqingtianxia	2	1	4	2	1	0.1	-1	-1	0	164	0	-1	0	-1	0	-1	0	-1	0	-1	-1
116	燕子坞慕容复-移花接木	Skill_Fengtianchengyun	2	1	4	2	1	0.2	-1	-1	0	161	1	-1	0	-1	0	-1	0	-1	0	-1	-1
117	燕子坞邓百川-石破惊天	Skill_Diwangzhixiang	2	1	4	2	1	0.1	-1	-1	0	178	1	-1	0	-1	0	-1	0	-1	0	-1	-1
118	燕子坞公冶乾-迷踪步	Skill_Huangtianhoutu	2	1	4	2	1	0.2	-1	-1	0	206	1	-1	0	-1	0	-1	0	-1	0	-1	-1
119	燕子坞公冶乾-排山倒海	Skill_Dahaiwuliang	2	1	4	2	1	0.1	-1	-1	0	165	1	-1	0	-1	0	-1	0	-1	0	-1	-1
120	燕子坞风波恶-吕洞宾咬狗	Skill_Quanqingtianxia	2	1	4	2	1	0.1	-1	-1	0	164	1	-1	0	-1	0	-1	0	-1	0	-1	-1
121	燕子坞包不同-影乱	Skill_Dunji	2	1	4	2	1	0.2	-1	-1	1	140	1	-1	0	-1	0	-1	0	-1	1	-1	-1
122	燕王古墓BOSS1-帝王之相	Skill_Diwangzhixiang	2	1	4	2	1	0.1	-1	-1	0	178	1	-1	0	-1	0	-1	0	-1	0	-1	-1
123	燕王古墓BOSS2-权倾天下	Skill_Quanqingtianxia	2	1	4	2	1	0.1	-1	-1	0	179	1	-1	0	-1	0	-1	0	-1	0	-1	-1
124	燕王古墓BOSS3-皇天厚土	Skill_Huangtianhoutu	2	1	4	2	1	0.1	-1	-1	0	180	1	-1	0	-1	0	-1	0	-1	0	-1	-1
125	燕王古墓BOSS4-奉天承运	Skill_Fengtianchengyun	2	1	4	2	1	0.1	-1	-1	0	181	1	-1	0	-1	0	-1	0	-1	0	-1	-1
126	燕王古墓BOSS5-斗转星移	Skill_Douzhuanxingyi	2	1	4	2	1	0.1	-1	-1	0	182	1	-1	0	-1	0	-1	0	-1	0	-1	-1
127	世界BOSS-生死符	Skill_Shengsifu	2	1	4	2	1	0.1	-1	-1	0	185	1	-1	0	-1	0	-1	0	-1	0	-1	-1
128	世界BOSS-八荒六合	Skill_Bahuangliuhe	2	1	4	2	1	0.1	-1	-1	0	186	1	-1	0	-1	0	-1	0	-1	0	-1	-1
129	结婚	Marry	2	1	4	2	1	0.1	-1	-1	0	-1	1	-1	0	-1	0	-1	0	-1	0	-1	-1
130	北冥神功	Skill_Beimingshengong	2	1	4	0	1	0.1	-1	-1	0	19	1	-1	0	-1	0	-1	0	-1	1	-1	71
131	聚贤庄BOSS马夫人-千娇百媚	Skill_Qianjiaobaimei	2	1	4	2	1	0.1	-1	-1	0	198	1	-1	0	-1	0	-1	0	-1	0	-1	-1
132	聚贤庄BOSS马夫人-蛇蝎心肠	Skill_Shechangxiexin	2	1	4	2	1	0.1	-1	-1	0	196	1	-1	0	-1	0	-1	0	-1	0	-1	-1
133	聚贤庄BOSS玄难-袖里乾坤	Skill_Xiuliqiankun	2	1	4	2	1	0.1	-1	-1	0	199	1	-1	0	-1	0	-1	0	-1	0	-1	-1
134	聚贤庄BOSS玄难-天竺佛指	Skill_Tianzhufozhi	2	1	4	2	1	0.1	-1	-1	0	200	1	-1	0	-1	0	-1	0	-1	0	-1	-1
135	聚贤庄BOSS向望海-挑拨离间	Skill_Diwangzhixiang	2	1	4	2	1	0.1	-1	-1	0	204	1	-1	0	-1	0	-1	0	-1	0	-1	-1
136	聚贤庄BOSS向望海-小人之心	Skill_Fengtianchengyun	2	1	4	2	1	0.1	-1	-1	0	126	1	-1	0	-1	0	-1	0	-1	0	-1	-1
137	聚贤庄BOSS白世镜-缠丝擒拿手	Skill_Zhansiqingnashou	2	1	4	2	1	0.1	-1	-1	0	201	1	-1	0	-1	0	-1	0	-1	0	-1	-1
138	聚贤庄BOSS白世镜-降龙十八掌	Skill_Dahaiwuliang	2	1	4	2	1	0.1	-1	-1	0	124	1	203	1	-1	0	-1	0	-1	0	-1	-1
139	雁门关BOSS	Skill_Douzhuanxingyi_1	2	1	4	2	1	0.1	-1	-1	0	210	1	211	1	-1	0	-1	0	-1	0	-1	140
140	雁门关BOSS-普攻	Attack	2	1	4	2	1	0.2	-1	-1	0	215	1	-1	0	-1	0	-1	0	-1	1	-1	139
141	动物型伙伴普攻（物攻）	Attack	2	1	4	2	1	0.2	-1	-1	1	216	1	-1	0	-1	0	-1	0	-1	1	-1	-1
142	动物型伙伴普攻（法攻）	Attack	2	1	4	2	1	0.2	-1	-1	1	216	1	-1	0	-1	0	-1	0	-1	1	-1	-1
143	人型伙伴普攻（物攻）	Attack	2	1	4	2	1	0.2	-1	-1	1	217	1	-1	0	-1	0	-1	0	-1	1	-1	-1
144	人型伙伴普攻（法攻）	Attack	2	1	4	2	1	0.2	-1	-1	1	218	1	-1	0	-1	0	-1	0	-1	1	-1	-1
145	后-结婚站立-少林	Ride_Back_Stand	2	1	4	2	1	0.2	-1	-1	0	-1	1	-1	0	-1	0	-1	0	-1	1	-1	-1
146	后-结婚跑动-少林	Ride_Back_Run	2	1	4	2	1	0	-1	-1	0	-1	1	-1	0	-1	0	-1	0	-1	1	-1	-1
147	后-结婚站立-天山	Ride_Back_Stand	2	1	4	2	1	0.2	-1	-1	0	-1	1	-1	0	-1	0	-1	0	-1	1	-1	-1
148	后-结婚跑动-天山	Ride_Back_Run	2	1	4	2	1	0	-1	-1	0	-1	1	-1	0	-1	0	-1	0	-1	1	-1	-1
149	后-结婚站立-逍遥	Ride_Back_Stand	2	1	4	2	1	0.2	-1	-1	0	-1	1	-1	0	-1	0	-1	0	-1	1	-1	-1
150	后-结婚跑动-逍遥	Ride_Back_Run	2	1	4	2	1	0	-1	-1	0	-1	1	-1	0	-1	0	-1	0	-1	1	-1	-1
151	后-结婚站立-大理	Ride_Back_Stand	2	1	4	2	1	0.2	-1	-1	0	-1	1	-1	0	-1	0	-1	0	-1	1	-1	-1
152	后-结婚跑动-大理	Ride_Back_Run	2	1	4	2	1	0	-1	-1	0	-1	1	-1	0	-1	0	-1	0	-1	1	-1	-1
153	结婚站立-少林	Ride_Stand	2	1	4	2	1	0.2	-1	-1	0	-1	1	-1	0	-1	0	-1	0	-1	1	-1	-1
154	结婚跑动-少林	Ride_Run	2	1	4	2	1	0	-1	-1	0	-1	1	-1	0	-1	0	-1	0	-1	1	-1	-1
155	结婚站立-天山	Ride_Stand	2	1	4	2	1	0.2	-1	-1	0	-1	1	-1	0	-1	0	-1	0	-1	1	-1	-1
156	结婚跑动-天山	Ride_Run	2	1	4	2	1	0	-1	-1	0	-1	1	-1	0	-1	0	-1	0	-1	1	-1	-1
157	结婚站立-逍遥	Ride_Stand	2	1	4	2	1	0.2	-1	-1	0	-1	1	-1	0	-1	0	-1	0	-1	1	-1	-1
158	结婚跑动-逍遥	Ride_Run	2	1	4	2	1	0	-1	-1	0	-1	1	-1	0	-1	0	-1	0	-1	1	-1	-1
159	结婚站立-大理	Ride_Stand	2	1	4	2	1	0.2	-1	-1	0	-1	1	-1	0	-1	0	-1	0	-1	1	-1	-1
160	结婚跑动-大理	Ride_Run	2	1	4	2	1	0	-1	-1	0	-1	1	-1	0	-1	0	-1	0	-1	1	-1	-1
161	珍珑棋局-段延庆-段家剑	Skill01	2	1	4	2	1	0	-1	-1	0	227	1	-1	0	-1	0	-1	0	-1	1	-1	-1
162	珍珑棋局-苏星河-天鉴神功	Skill01	2	1	4	2	1	0	-1	-1	0	228	1	-1	0	-1	0	-1	0	-1	1	-1	-1
163	珍珑棋局-远古棋魂-落雷	Skill01	2	1	4	2	1	0	-1	-1	0	229	1	-1	0	-1	0	-1	0	-1	1	-1	-1
164	藏经阁BOSS泰山压顶	Attack	2	1	4	2	1	0.2	-1	-1	0	237	1	-1	0	-1	0	-1	0	-1	1	-1	-1
