Id	Desc	Name	EquipId1	EquipId2	EquipId3	EquipId4	EffectType1	EffectValue1	EffectType2	EffectValue2	EffectType3	EffectValue3
INT	STRING	STRING	INT	INT	INT	INT	INT	INT	INT	INT	INT	INT
#MAX_ID=512;MAX_RECORD=512;TableType=Hash;												
#ID	程序不读	套装名	套装装备ID1	套装装备ID2	套装装备ID3	套装装备ID4	2件套效果类型	2件套效果值	3件套效果类型	3件套效果值	4件套效果类型	4件套效果值
1	少林职业紫50级套系1	神兵护法	38105	38205	38305	38405	8	471	1001	207	0	4853
2	少林职业紫50级套系2	神力无穷	38505	38605	38705	-1	9	532	1000	328	-1	-1
3	天山职业紫50级套系1	神兵护法	39105	39205	39305	39405	8	471	1001	207	0	4853
4	天山职业紫50级套系2	神力无穷	39505	39605	39705	-1	9	532	1000	328	-1	-1
5	大理职业紫50级套系1	神兵护法	41105	41205	41305	41405	8	471	1001	207	0	4853
6	大理职业紫50级套系2	神力无穷	41505	41605	41705	-1	9	532	1000	328	-1	-1
7	逍遥职业紫50级套系1	神兵护法	40105	40205	40305	40405	8	471	1001	207	0	4853
8	逍遥职业紫50级套系2	神力无穷	40505	40605	40705	-1	9	532	1000	328	-1	-1
9	少林职业紫60级套系1	神兵护法	38106	38206	38306	38406	8	557	1001	243	0	5775
10	少林职业紫60级套系2	神力无穷	38506	38606	38706	-1	9	628	1000	385	-1	-1
11	天山职业紫60级套系1	神兵护法	39106	39206	39306	39406	8	557	1001	243	0	5775
12	天山职业紫60级套系2	神力无穷	39506	39606	39706	-1	9	628	1000	385	-1	-1
13	大理职业紫60级套系1	神兵护法	41106	41206	41306	41406	8	557	1001	243	0	5775
14	大理职业紫60级套系2	神力无穷	41506	41606	41706	-1	9	628	1000	385	-1	-1
15	逍遥职业紫60级套系1	神兵护法	40106	40206	40306	40406	8	557	1001	243	0	5775
16	逍遥职业紫60级套系2	神力无穷	40506	40606	40706	-1	9	628	1000	385	-1	-1
17	少林职业紫70级套系1	神兵护法	38107	38207	38307	38407	8	643	1001	279	0	6696
18	少林职业紫70级套系2	神力无穷	38507	38607	38707	-1	9	724	1000	441	-1	-1
19	天山职业紫70级套系1	神兵护法	39107	39207	39307	39407	8	643	1001	279	0	6696
20	天山职业紫70级套系2	神力无穷	39507	39607	39707	-1	9	724	1000	441	-1	-1
21	大理职业紫70级套系1	神兵护法	41107	41207	41307	41407	8	643	1001	279	0	6696
22	大理职业紫70级套系2	神力无穷	41507	41607	41707	-1	9	724	1000	441	-1	-1
23	逍遥职业紫70级套系1	神兵护法	40107	40207	40307	40407	8	643	1001	279	0	6696
24	逍遥职业紫70级套系2	神力无穷	40507	40607	40707	-1	9	724	1000	441	-1	-1
25	少林职业紫80级套系1	神兵护法	38108	38208	38308	38408	8	729	1001	315	0	7618
26	少林职业紫80级套系2	神力无穷	38508	38608	38708	-1	9	821	1000	497	-1	-1
27	天山职业紫80级套系1	神兵护法	39108	39208	39308	39408	8	729	1001	315	0	7618
28	天山职业紫80级套系2	神力无穷	39508	39608	39708	-1	9	821	1000	497	-1	-1
29	大理职业紫80级套系1	神兵护法	41108	41208	41308	41408	8	729	1001	315	0	7618
30	大理职业紫80级套系2	神力无穷	41508	41608	41708	-1	9	821	1000	497	-1	-1
31	逍遥职业紫80级套系1	神兵护法	40108	40208	40308	40408	8	729	1001	315	0	7618
32	逍遥职业紫80级套系2	神力无穷	40508	40608	40708	-1	9	821	1000	497	-1	-1
33	少林职业紫90级套系1	神兵护法	38109	38209	38309	38409	8	819	1001	351	0	8540
34	少林职业紫90级套系2	神力无穷	38509	38609	38709	-1	9	921	1000	553	-1	-1
35	天山职业紫90级套系1	神兵护法	39109	39209	39309	39409	8	819	1001	351	0	8540
36	天山职业紫90级套系2	神力无穷	39509	39609	39709	-1	9	921	1000	553	-1	-1
37	大理职业紫90级套系1	神兵护法	41109	41209	41309	41409	8	819	1001	351	0	8540
38	大理职业紫90级套系2	神力无穷	41509	41609	41709	-1	9	921	1000	553	-1	-1
39	逍遥职业紫90级套系1	神兵护法	40109	40209	40309	40409	8	819	1001	351	0	8540
40	逍遥职业紫90级套系2	神力无穷	40509	40609	40709	-1	9	921	1000	553	-1	-1
41	少林职业橙60级套系1	浩然正气	42106	42206	42306	42406	8	696	1001	304	0	7219
42	少林职业橙60级套系2	仁者无敌	42506	42606	42706	-1	9	785	1000	481	-1	-1
43	天山职业橙60级套系1	浩然正气	43106	43206	43306	43406	8	696	1001	304	0	7219
44	天山职业橙60级套系2	仁者无敌	43506	43606	43706	-1	9	785	1000	481	-1	-1
45	大理职业橙60级套系1	浩然正气	45106	45206	45306	45406	8	696	1001	304	0	7219
46	大理职业橙60级套系2	仁者无敌	45506	45606	45706	-1	9	785	1000	481	-1	-1
47	逍遥职业橙60级套系1	浩然正气	44106	44206	44306	44406	8	696	1001	304	0	7219
48	逍遥职业橙60级套系2	仁者无敌	44506	44606	44706	-1	9	785	1000	481	-1	-1
49	少林职业橙70级套系1	浩然正气	42107	42207	42307	42407	8	803	1001	349	0	8371
50	少林职业橙70级套系2	仁者无敌	42507	42607	42707	-1	9	906	1000	551	-1	-1
51	天山职业橙70级套系1	浩然正气	43107	43207	43307	43407	8	803	1001	349	0	8371
52	天山职业橙70级套系2	仁者无敌	43507	43607	43707	-1	9	906	1000	551	-1	-1
53	大理职业橙70级套系1	浩然正气	45107	45207	45307	45407	8	803	1001	349	0	8371
54	大理职业橙70级套系2	仁者无敌	45507	45607	45707	-1	9	906	1000	551	-1	-1
55	逍遥职业橙70级套系1	浩然正气	44107	44207	44307	44407	8	803	1001	349	0	8371
56	逍遥职业橙70级套系2	仁者无敌	44507	44607	44707	-1	9	906	1000	551	-1	-1
57	少林职业橙80级套系1	浩然正气	42108	42208	42308	42408	8	911	1001	394	0	9523
58	少林职业橙80级套系2	仁者无敌	42508	42608	42708	-1	9	1026	1000	622	-1	-1
59	天山职业橙80级套系1	浩然正气	43108	43208	43308	43408	8	911	1001	394	0	9523
60	天山职业橙80级套系2	仁者无敌	43508	43608	43708	-1	9	1026	1000	622	-1	-1
61	大理职业橙80级套系1	浩然正气	45108	45208	45308	45408	8	911	1001	394	0	9523
62	大理职业橙80级套系2	仁者无敌	45508	45608	45708	-1	9	1026	1000	622	-1	-1
63	逍遥职业橙80级套系1	浩然正气	44108	44208	44308	44408	8	911	1001	394	0	9523
64	逍遥职业橙80级套系2	仁者无敌	44508	44608	44708	-1	9	1026	1000	622	-1	-1
65	少林职业橙90级套系1	浩然正气	42109	42209	42309	42409	8	1024	1001	439	0	10675
66	少林职业橙90级套系2	仁者无敌	42509	42609	42709	-1	9	1152	1000	692	-1	-1
67	天山职业橙90级套系1	浩然正气	43109	43209	43309	43409	8	1024	1001	439	0	10675
68	天山职业橙90级套系2	仁者无敌	43509	43609	43709	-1	9	1152	1000	692	-1	-1
69	大理职业橙90级套系1	浩然正气	45109	45209	45309	45409	8	1024	1001	439	0	10675
70	大理职业橙90级套系2	仁者无敌	45509	45609	45709	-1	9	1152	1000	692	-1	-1
71	逍遥职业橙90级套系1	浩然正气	44109	44209	44309	44409	8	1024	1001	439	0	10675
72	逍遥职业橙90级套系2	仁者无敌	44509	44609	44709	-1	9	1152	1000	692	-1	-1
73	少林职业紫100级套系1	神兵护法	38110	38210	38310	38410	8	905	1001	387	0	9461
74	少林职业紫100级套系2	神力无穷	38510	38610	38710	-1	9	1017	1000	610	-1	-1
75	天山职业紫100级套系1	神兵护法	39110	39210	39310	39410	8	905	1001	387	0	9461
76	天山职业紫100级套系2	神力无穷	39510	39610	39710	-1	9	1017	1000	610	-1	-1
77	逍遥职业紫100级套系1	神兵护法	40110	40210	40310	40410	8	905	1001	387	0	9461
78	逍遥职业紫100级套系2	神力无穷	40510	40610	40710	-1	9	1017	1000	610	-1	-1
79	大理职业紫100级套系1	神兵护法	41110	41210	41310	41410	8	905	1001	387	0	9461
80	大理职业紫100级套系2	神力无穷	41510	41610	41710	-1	9	1017	1000	610	-1	-1
81	少林职业橙100级套系1	浩然正气	42110	42210	42310	42410	8	1131	1001	483	0	11827
82	少林职业橙100级套系2	仁者无敌	42510	42610	42710	-1	9	1272	1000	762	-1	-1
83	天山职业橙100级套系1	浩然正气	43110	43210	43310	43410	8	1131	1001	483	0	11827
84	天山职业橙100级套系2	仁者无敌	43510	43610	43710	-1	9	1272	1000	762	-1	-1
85	逍遥职业橙100级套系1	浩然正气	44110	44210	44310	44410	8	1131	1001	483	0	11827
86	逍遥职业橙100级套系2	仁者无敌	44510	44610	44710	-1	9	1272	1000	762	-1	-1
87	大理职业橙100级套系1	浩然正气	45110	45210	45310	45410	8	1131	1001	483	0	11827
88	大理职业橙100级套系2	仁者无敌	45510	45610	45710	-1	9	1272	1000	762	-1	-1
89	VIP少林职业橙70级套系	伏虎降龙	59013	59017	59031	59035	0	9523	1000	622	11	1144
90	VIP天山职业橙70级套系	伏虎降龙	59014	59018	59032	59036	0	9523	1000	622	11	1144
91	VIP逍遥职业橙70级套系	伏虎降龙	59015	59019	59033	59037	0	9523	1000	622	11	1144
92	VIP大理职业橙70级套系	伏虎降龙	59016	59020	59034	59038	0	9523	1000	622	11	1144
