Id	MissionType	MissionName	MissionDesc	MissionDoneDesc	FollowText	TargetNpcPosX	TargetNpcPosZ	TargetNpcSceneID	TargetNpcDataID	AccepteNpcPosX	AccepteNpcPosZ	AccepteNpcSceneID	AcceptNpcDataID	CompleteNpcPosX	CompleteNpcPosZ	CompleteNpcSceneID	CompleteNpcDataID	IsAcceptAutoFindPath
INT	INT	STRING	STRING	STRING	STRING	FLOAT	FLOAT	INT	INT	FLOAT	FLOAT	INT	INT	FLOAT	FLOAT	INT	INT	BOOL
#																		
#ID	任务类型，只用于显示类型用(0:剧情,1:送信,2:杀怪,3:寻物,4:探索,5:其他	任务名称$22$	任务接取描述$1$	任务完成描述$1$	任务过程跟踪0$22$	任务目标NPC位置X	任务目标NPC位置Z	任务目标NPC场景	任务目标NPCDATAID	接受任务NPC位置X	接受任务NPC位置Z	接受任务NPC场景	发布者DATAID	任务完成交任务NPC位置X	任务完成交任务NPC位置Z	任务交付NPC场景	完成者DATAID	接任务时否自动走向目标NPC
0	0	{0}【主】{1}苏醒	$R已经昏迷好多天了，感觉好些了么？ 	$R吉人天相，大难不死必有后福。	和朱丹臣对话：{0}{1}/1	42.26514	22.56848	1	6	42.26514	22.56848	1	6	42.26514	22.56848	1	6	1
1	2	{0}【主】{1}恩情	还好你醒过来了，不知是何人将你打伤？我们奉王爷之命留下照看你，褚大哥钓了几尾鲜鱼打算给你补补身体呢。	$R体质精奇，恢复能力要比一般人快了好多。	和褚万里对话：{0}{1}/1	48	11	1	7	42.26514	22.56848	1	6	48	11	1	7	1
2	1	{0}【主】{1}初愈	你的内伤应该无碍了，去打几只野兽舒展下拳脚。	看你生龙活虎的回来，真替你高兴啊。	除掉豹子：{0}{1}/4	84	49	1	15	48	11	1	7	48	11	1	7	1
3	0	{0}【主】{1}福缘	看来你因祸得福，虽内力尽失，经脉却意外被打通，这可是习武之人梦寐以求的事。	听说四大恶人来了大理，真担心世子会碰上他们，那可就糟了。	与褚万里对话：{0}{1}/1	48	11	1	7	48	11	1	7	48	11	1	7	1
4	0	{0}【主】{1}打探	几日前陪同王爷巡视时，在万升客栈瞥见一个大汉，此人身量气魄非同常人，不知是何来头，$R可否去客栈探探他的虚实	呦，$R，您是打尖还是住店？	与店小二对话：{0}{1}/1	49.87	28.58	1	187	48	11	1	7	49.87	28.58	1	187	1
5	2	{0}【主】{1}初识	愚兄此来大理是为了寻找慕容公子的，琐事缠身就不多留了，请转告褚护卫，他日我定当登府拜访王爷，咱们就此别过。	原来如此，没想到他就是大名鼎鼎的乔峰，如此英雄没能结交真是遗憾。	和褚万里对话：{0}{1}/1	48	11	1	7	54.05316	32.16949	1	8	48	11	1	7	1
6	2	{0}【主】{1}小别	$R伤势既已恢复，我们也该出去找寻世子了，你若遇到世子劝他赶快回王府。前面有间店你先去把衣服换换。	$R光顾，真是令小地蓬荜生辉。	找裁缝对话：{0}{1}/1	81.04169	66.00178	1	9	48	11	1	7	81.04169	66.00178	1	9	1
7	0	{0}【主】{1}赠兽	现在我把驯养的小狼送你，你试着把它召唤出来。 	恭喜$R，你已经掌握了驭兽的技巧。	召唤小狼：{0}{1}/1	81.04169	66.00178	1	9	81.04169	66.00178	1	9	81.04169	66.00178	1	9	1
8	2	{0}【主】{1}寻迹	听闻世子喜游山水，$R可到无量山马老爷的府上打听，马老爷乐善好施，广交朋友，多半世子去了他那里。	真是不巧，若早些来说不定就碰上段公子了。	找马伍德对话：{0}{1}/1	52.89	11.41	2	31	81.04169	66.00178	1	9	52.89	11.41	2	31	1
9	2	{0}【主】{1}马府	段公子确在府上逗留半日，和老夫品鉴新茶，老夫提起无量剑派比武之事甚为新奇，想是去了剑湖宫观摩比武	稍后$R去找段公子就见识到剑湖宫了，不过老夫有个请求。	找马伍德对话：{0}{1}/1	52.89	11.41	2	31	52.89	11.41	2	31	52.89	11.41	2	31	1
10	2	{0}【主】{1}钟灵	$R我看你身手不错，心肠又好，我以后都跟着你混了，就这么愉快的决定了。	怎么样不错吧，我也不是一点用处都没有呢，有我和你在一起，你的战斗力会更强的。	完成美人进化：{0}{1}/1	17.55	52.42	2	32	17.55	52.42	2	32	17.55	52.42	2	32	1
11	1	{0}【主】{1}除害	最近神农帮突然闯到后山焚烧毒雾，将我府上的名贵茶树也半数毒死了。我正为此事发愁，不知$R可愿帮老夫讨个公道？	多谢$R帮我出了这口恶气。	神农帮弟子：{0}{1}/6	56	19	2	37	52.89	11.41	2	31	52.89	11.41	2	31	1
12	2	{0}【主】{1}交情	老夫曾和无量剑派有些交情，你此次前去可以找东宗掌门的左子穆左大侠说明来意。	你不提他还好，提起姓段的小子我就有气。	找左子穆：{0}{1}/1	28.23	17.49	2	34	52.89	11.41	2	31	28.23	17.49	2	34	1
13	0	{0}【主】{1}比武	姓段的不识好歹，竟敢看不起我东西两宗五年一度的比试，想见段誉，先过了我的无量剑阵再说吧。	阁下果然有些功夫，念在你年轻的份上老夫才没下杀手。	剑湖宫副本：{0}{1}/1	49	32	2	-1	28.23	17.49	2	34	28.23	17.49	2	34	1
14	2	{0}【主】{1}转机	不知我无量剑派倒了什么霉运！罢了，告诉你也无妨，他刚刚被一个带着闪电貂的丫头救走，你到剑湖宫外面找找吧	看你不像是这里的人，你要找什么人？	找钟灵：{0}{1}/1	17.55	52.42	2	32	28.23	17.49	2	34	17.55	52.42	2	32	1
15	1	{0}【主】{1}出气	在剑湖宫无量剑欺负段大哥，咱们得帮他出了这口气，快帮我教训这些无礼的东宗弟子	看不出你还有两下子，武功么比本姑娘弱那么一点点，哈哈。	教训剑宗弟子：{0}{1}/6	32.68	5.85	2	36	17.55	52.42	2	32	17.55	52.42	2	32	1
16	2	{0}【主】{1}痴愚	段大哥听说神农帮要血洗无量剑派去找他们理论，也不知道凶多吉少，咱们过去看看吧。	怎么又来一个疯子？难道我神农帮的虎须是何人都能捋得么！	找司空玄：{0}{1}/1	51.77	53.41	2	35	17.55	52.42	2	32	51.77	53.41	2	35	1
17	0	{0}【主】{1}真相	无量剑弟子个个草包，占着无量玉璧又有什么用。倒不如让出来给童姥观瞻，嘿嘿!	想救段誉这小子，就乖乖的听话。	和司空玄交谈：{0}{1}/1	51.77	53.41	2	35	51.77	53.41	2	35	51.77	53.41	2	35	1
18	1	{0}【主】{1}制毒	有十里断魂烟，剑湖宫被攻下是迟早的事。只是这断魂烟需要狼毫才能配置出来，你去弄些狼毫来，不然我宰了姓段的小子。	看不出你手脚还挺麻利的，放心只要你们不给老子捣乱，我也不会伤害你们。	收集狼毫：{0}{1}/5	36.39	57.04	2	38	51.77	53.41	2	35	51.77	53.41	2	35	1
19	1	{0}【主】{1}放毒	嘿嘿，这放毒烟的事就交给你去办吧，这个小丫头给我留下做人质。	蠢货谁让你在我旁边放毒烟了，咳咳咳……	释放毒烟：{0}{1}/1	51.77	53.41	2	35	51.77	53.41	2	35	51.77	53.41	2	35	1
20	2	{0}【主】{1}询问	该死，被这小丫头的貂儿咬了一口，也不知是什么毒，哎呦，疼死我了。你快去问问那丫头如何解毒？	司空玄这老儿还真厉害，连闪电貂也让他吓跑了。	找钟灵：{0}{1}/1	17.55	52.42	2	32	51.77	53.41	2	35	17.55	52.42	2	32	1
21	2	{0}【主】{1}送信	这毒只有我爹爹能解，为了段大哥，辛苦$R去万劫谷找来福，这只鞋子你拿着，我家里人看到就会明白的。	呜呜……你是什么人？	找来福：{0}{1}/1	57.89	10.17	5	40	41	53	2	32	57.89	10.17	5	40	1
22	1	{0}【主】{1}进喜	进喜儿是我最好的伙伴，我俩从小一起长大，不能让他白白给恶人害了。请$R帮我教训这些江湖邪士！	进喜儿你可以瞑目了，你的仇$R给你报了。	江湖邪士：{0}{1}/10	49.54	11.08	5	45	57.89	10.17	5	40	57.89	10.17	5	40	1
23	2	{0}【主】{1}来福	我家小姐让你来求救的？你怎么不早说，赶快去见我家夫人，她正在那边树下纳凉。	来福今天怎么了，怎么随随便便就放外人入谷。	找甘宝宝：{0}{1}/1	40.85	9.52	5	41	57.89	10.17	5	40	40.85	9.52	5	41	1
24	0	{0}【主】{1}信物	没错，这是灵儿的绣花鞋，是她让你来找我的？	感谢$R，刚才言语多有冒犯还请见谅。	与甘宝宝对话：{0}{1}/1	40.85	9.52	5	41	40.85	9.52	5	41	40.85	9.52	5	41	1
25	1	{0}【主】{1}情仇	$R快走，我夫君终日疑神疑鬼，非常难缠！	还好没伤到$R，我这丈夫鲁莽让$R见笑了。	打伤钟万仇：{0}{1}/1	42.23	11.87	5	42	40.85	9.52	5	41	40.85	9.52	5	41	1
26	2	{0}【主】{1}借马	我得留下照顾夫君，没法和$R同去了，你去找木姑娘借匹快马。	既然是师叔介绍你来的，就借给你吧。	找木婉清：{0}{1}/1	53.89	53.15	5	43	40.85	9.52	5	41	53.89	53.15	5	43	1
27	0	{0}【主】{1}冷艳	拿了马怎么还不走？	真是个呆子，随你吧。	和木婉清对话：{0}{1}/1	53.89	53.15	5	43	53.89	53.15	5	43	53.89	53.15	5	43	1
28	1	{0}【主】{1}保护	这些人是来杀我的，又不干你的事，你难道到不怕他们为难你？	看来师傅说的也不全对？世间的人也不全是险恶的。	曼陀杀手：{0}{1}/15	47.95	50.58	5	46	53.89	53.15	5	43	53.89	53.15	5	43	1
29	3	{0}【主】{1}采药	我受了刀伤，你去那边帮我采些草药吧，不准偷看我的脸，否则杀了你。	草药交给我就行了，你转过身去。	采集草药：{0}{1}/1	8	22	5	-1	53.89	53.15	5	43	53.89	53.15	5	43	1
30	1	{0}【主】{1}取胆	贱人的刀上居然有毒，你去后山杀几只黑豹取些黑豹胆来，我这里等你。	很好，辛苦你了。	寻找黑豹胆：{0}{1}/1	17.19	23.58	5	47	53.89	53.15	5	43	53.89	53.15	5	43	1
31	2	{0}【主】{1}回程	这些伤我可以应付，你快去找钟灵吧，晚了他们就没命了。养好伤我自会去找他们。	今天已是第七日了，若段大哥有什么好歹，我要神农帮所有人赔命。	找钟灵：{0}{1}/1	17.55	52.42	2	32	53.89	53.15	5	43	17.55	52.42	2	32	1
32	0	{0}【主】{1}圣使	你可算回来了，我爹爹妈妈怎么没来？	刚有两个穿着黑袍的圣使来过……我想到办法了！	和钟灵交谈：{0}{1}/1	17.55	52.42	2	32	17.55	52.42	2	32	17.55	52.42	2	32	1
33	1	{0}【主】{1}截杀	神农帮似乎对灵鹫宫圣使十分忌惮，惟命是从。若是扮成圣使的模样一定可以救出段大哥。	哇，这两个小娘们真凶，衣服都勾破了，快披上斗篷。	灵鹫宫圣使：{0}{1}/1	10	42	2	52	17.55	52.42	2	32	17.55	52.42	2	32	1
34	0	{0}【主】{1}假扮	披上斗篷连我都认不出来，司空老儿未必会疑心你是假扮的，那段大哥就有救了。	属下遵命，来人，快快放了段公子！	让司空玄放人：{0}{1}/1	51.77	53.41	2	35	17.55	52.42	2	32	51.77	53.41	2	35	1
35	0	{0}【主】{1}劝说	好险，差点穿帮了。$R你怎么来了，你的伤势好的差不多了么？	若有你陪同，行走江湖的乐趣也会多一些，就这么愉快的决定了。	与段誉对话：{0}{1}/1	48.49	55.35	2	33	48.49	55.35	2	33	48.49	55.35	2	33	1
36	1	{0}【主】{1}毒王	我给埋在土里的时候听见他们说起一种叫‘莽牯毒蛤’的稀奇玩意就在这附近，叫声古怪：江昂！江昂！你听……它又叫了。	我的天，这就是莽牯毒蛤么，幸好有你在。	除掉莽牯毒蛤：{0}{1}/1	9	50	2	39	48.52	55.35	2	33	48.52	55.35	2	33	1
37	0	{0}【主】{1}结拜	若非和$R有缘，今日又焉有段誉命在，小弟愿与$R结拜金兰，这松鹤楼地契算是见面礼，望你不要推辞。	出来也有些日子了，想必朱二哥他们也快寻到此处了。	置办一桌酒菜：{0}{1}/1	48.49	55.35	2	33	48.49	55.35	2	33	48.49	55.35	2	33	1
38	0	{0}【主】{1}竞技	和我一起服侍老爷的进喜儿被人打死了，我好怕，我还年轻我不想死，$R若有能力保护我性命，小的愿意给你牵马坠蹬。	$R神勇，你的武功与老爷相比也不逞相让。	江湖名人录：{0}{1}/1	-1	-1	-1	-1	57.89	10.17	5	40	57.89	10.17	5	40	1
39	0	{0}【主】{1}强化	看你这周身上下也没件像样的装备，我就教你怎么强化装备吧，不然待会怎么救得出灵儿他们呢。	恩，这法子你要牢记于心，以后遇到打不过的人就可以通过强化自身的装备来打败他。	完成装备吸收：{0}{1}/1	40.85	9.52	5	41	40.85	9.52	5	41	40.85	9.52	5	41	1
40	0	{0}【门派】{1}掌门问候	小镜湖问候王语嫣王姑娘。		问候王语嫣：{0}{1}/1	12.08	33.57	9	218	-1	-1	-1	-1	-1	-1	-1	31	1
41	1	{0}【门派】{1}行侠仗义	除掉小镜湖的宵小		教训宵小：{0}{1}/40	54.17	32.03	9	161	-1	-1	-1	-1	-1	-1	-1	-1	1
42	5	{0}【门派】{1}收集物资	除掉燕子坞恶奴获得玄铁		收集玄铁：{0}{1}/5	62.03	25.2	21	158	-1	-1	-1	-1	-1	-1	-1	-1	1
43	0	{0}【门派】{1}掌门问候	去洱海问候乔峰乔大侠。		问候乔峰：{0}{1}/1	54	32	1	8	-1	-1	-1	-1	-1	-1	-1	8	1
44	1	{0}【门派】{1}行侠仗义	除掉小镜湖的马贼		教训马贼：{0}{1}/40	24.15	23.98	9	162	-1	-1	-1	-1	-1	-1	-1	-1	1
45	5	{0}【门派】{1}收集物资	除掉燕子坞秦家寨弟子获得灵芝		收集灵芝：{0}{1}/5	17.92	55.37	21	156	-1	-1	-1	-1	-1	-1	-1	-1	1
46	0	{0}【门派】{1}掌门问候	燕子坞问候阿朱姑娘。		问候阿朱：{0}{1}/1	60.76	51.64	21	200	-1	-1	-1	-1	-1	-1	-1	6	1
47	1	{0}【门派】{1}行侠仗义	除掉小镜湖的漕运盗贼。		漕运强盗：{0}{1}/40	23.21	44.27	9	163	-1	-1	-1	-1	-1	-1	-1	-1	1
48	5	{0}【门派】{1}收集物资	除掉燕子坞青城弟子获得魂玉		收集魂玉：{0}{1}/5	21.7	19.68	21	157	-1	-1	-1	-1	-1	-1	-1	-1	1
49	1	{0}【野外】{1}除恶	除掉无量山野狼		野狼：{0}{1}/80	26.84	58.23	2	38	-1	-1	-1	-1	-1	-1	-1	-1	1
50	1	{0}【野外】{1}除恶	除掉无量山神农帮弟子		神农帮弟子：{0}{1}/80	44.55	46.05	2	37	-1	-1	-1	-1	-1	-1	-1	-1	1
51	1	{0}【野外】{1}除恶	除掉无量山剑宗弟子		剑宗弟子：{0}{1}/80	30.75	9.64	2	36	-1	-1	-1	-1	-1	-1	-1	-1	1
52	1	{0}【野外】{1}除恶	除掉万劫谷江湖邪士		江湖邪士：{0}{1}/80	61.65	10.53	5	45	-1	-1	-1	-1	-1	-1	-1	-1	1
53	1	{0}【野外】{1}除恶	除掉万劫谷曼陀杀手		曼陀杀手：{0}{1}/80	47.07	42.85	5	46	-1	-1	-1	-1	-1	-1	-1	-1	1
54	1	{0}【野外】{1}除恶	除掉万劫谷黑豹		黑豹：{0}{1}/80	14.95	12.6	5	47	-1	-1	-1	-1	-1	-1	-1	-1	1
55	1	{0}【野外】{1}除恶	除掉苍山藩邦探子		藩邦探子：{0}{1}/80	18.01	6.45	20	152	-1	-1	-1	-1	-1	-1	-1	-1	1
56	1	{0}【野外】{1}除恶	除掉苍山明王随从		明王随从：{0}{1}/80	50.49	10.05	20	153	-1	-1	-1	-1	-1	-1	-1	-1	1
57	1	{0}【野外】{1}除恶	除掉苍山红熊		红熊：{0}{1}/80	24.21	43.85	20	154	-1	-1	-1	-1	-1	-1	-1	-1	1
58	1	{0}【野外】{1}除恶	除掉燕子坞秦家寨弟子		秦家寨弟子：{0}{1}/80	17.92	55.37	21	156	-1	-1	-1	-1	-1	-1	-1	-1	1
59	1	{0}【野外】{1}除恶	除掉燕子坞青城弟子		青城弟子：{0}{1}/80	21.7	19.68	21	157	-1	-1	-1	-1	-1	-1	-1	-1	1
60	1	{0}【野外】{1}除恶	除掉燕子坞恶奴		恶奴：{0}{1}/80	62.03	25.2	21	158	-1	-1	-1	-1	-1	-1	-1	-1	1
61	1	{0}【野外】{1}除恶	除掉小镜湖宵小		宵小：{0}{1}/80	54.17	32.03	9	161	-1	-1	-1	-1	-1	-1	-1	-1	1
62	1	{0}【野外】{1}除恶	除掉小镜湖马贼		马贼：{0}{1}/80	24.15	23.98	9	162	-1	-1	-1	-1	-1	-1	-1	-1	1
63	1	{0}【野外】{1}除恶	除掉小镜湖漕运强盗		漕运强盗：{0}{1}/80	23.21	44.27	9	163	-1	-1	-1	-1	-1	-1	-1	-1	1
64	1	{0}【野外】{1}除恶	除掉杏子林丐帮叛徒		丐帮叛徒：{0}{1}/80	36.95	4.95	26	164	-1	-1	-1	-1	-1	-1	-1	-1	1
65	1	{0}【野外】{1}除恶	除掉杏子林西夏武士		西夏武士：{0}{1}/80	44.83	54.78	26	165	-1	-1	-1	-1	-1	-1	-1	-1	1
66	1	{0}【野外】{1}除恶	除掉杏子林一品堂高手		一品堂高手：{0}{1}/80	23.91	43	26	166	-1	-1	-1	-1	-1	-1	-1	-1	1
67	1	{0}【野外】{1}除恶	除掉聚贤庄剑客		剑客：{0}{1}/80	19.21	71.92	22	168	-1	-1	-1	-1	-1	-1	-1	-1	1
68	1	{0}【野外】{1}除恶	除掉聚贤庄刀客		刀客：{0}{1}/80	47.68	58.78	22	169	-1	-1	-1	-1	-1	-1	-1	-1	1
69	1	{0}【野外】{1}除恶	除掉聚贤庄家丁		家丁：{0}{1}/80	21.5	41.88	22	170	-1	-1	-1	-1	-1	-1	-1	-1	1
70	1	{0}【野外】{1}除恶	除掉少室山少林铜人		少林铜人：{0}{1}/80	47.08	41.25	15	171	-1	-1	-1	-1	-1	-1	-1	-1	1
71	1	{0}【野外】{1}除恶	除掉少室山猛虎		猛虎：{0}{1}/80	47.96	15.45	15	172	-1	-1	-1	-1	-1	-1	-1	-1	1
72	1	{0}【野外】{1}除恶	除掉少室山星宿弟子		星宿弟子：{0}{1}/80	14.62	42.73	15	173	-1	-1	-1	-1	-1	-1	-1	-1	1
73	1	{0}【野外】{1}除恶	除掉雁门关戈壁马匪		戈壁马匪：{0}{1}/80	18.05	19.95	23	174	-1	-1	-1	-1	-1	-1	-1	-1	1
74	1	{0}【野外】{1}除恶	除掉雁门关宋兵		宋兵：{0}{1}/80	48.37	25.69	23	175	-1	-1	-1	-1	-1	-1	-1	-1	1
75	1	{0}【野外】{1}除恶	除掉雁门关荒原豹		荒原豹：{0}{1}/80	33.25	36.06	23	176	-1	-1	-1	-1	-1	-1	-1	-1	1
76	1	{0}【野外】{1}除恶	除掉敦煌西夏兵		西夏兵：{0}{1}/80	19.52	31.07	24	177	-1	-1	-1	-1	-1	-1	-1	-1	1
77	1	{0}【野外】{1}除恶	除掉敦煌辽兵		辽兵：{0}{1}/80	24.27	58.23	24	178	-1	-1	-1	-1	-1	-1	-1	-1	1
78	1	{0}【野外】{1}除恶	除掉敦煌盗贼		盗贼：{0}{1}/80	47.02	38.1	24	179	-1	-1	-1	-1	-1	-1	-1	-1	1
79	1	{0}【野外】{1}除恶	除掉雪原女真猎手		女真猎手：{0}{1}/80	7.41	30.47	4	180	-1	-1	-1	-1	-1	-1	-1	-1	1
80	1	{0}【野外】{1}除恶	除掉雪原冰原狼		冰原狼：{0}{1}/80	40.36	16.6	4	181	-1	-1	-1	-1	-1	-1	-1	-1	1
81	1	{0}【野外】{1}除恶	除掉雪原雪豹		雪豹：{0}{1}/80	46.33	33.07	4	182	-1	-1	-1	-1	-1	-1	-1	-1	1
82	1	{0}【野外】{1}除恶	除掉缥缈峰玄天部众		玄天部众：{0}{1}/80	37.49	12.5	25	183	-1	-1	-1	-1	-1	-1	-1	-1	1
83	1	{0}【野外】{1}除恶	除掉缥缈峰昊天部众		昊天部众：{0}{1}/80	56.31	35.66	25	184	-1	-1	-1	-1	-1	-1	-1	-1	1
84	1	{0}【野外】{1}除恶	除掉缥缈峰叛乱洞主		叛乱洞主：{0}{1}/80	9.66	35.64	25	185	-1	-1	-1	-1	-1	-1	-1	-1	1
85	1	{0}【副本】{1}燕子坞	参加任意难度燕子坞副本		燕子坞：{0}{1}/1	-1	-1	-1	-1	-1	-1	-1	-1	-1	-1	-1	-1	1
86	1	{0}【副本】{1}燕王古墓	参加任意难度燕王古墓副本		燕王古墓：{0}{1}/1	-1	-1	-1	-1	-1	-1	-1	-1	-1	-1	-1	-1	1
87	1	{0}【副本】{1}珍珑棋局	参加任意难度珍珑棋局副本		珍珑棋局：{0}{1}/1	-1	-1	-1	-1	-1	-1	-1	-1	-1	-1	-1	-1	1
88	1	{0}【副本】{1}聚贤庄	参加任意难度聚贤庄副本		聚贤庄：{0}{1}/1	-1	-1	-1	-1	-1	-1	-1	-1	-1	-1	-1	-1	1
89	1	{0}【副本】{1}少室山	挑战一次少室山副本		少室山：{0}{1}/1	-1	-1	-1	-1	-1	-1	-1	-1	-1	-1	-1	-1	1
90	1	{0}【副本】{1}藏经阁	挑战一次藏经阁		藏经阁：{0}{1}/1	-1	-1	-1	-1	-1	-1	-1	-1	-1	-1	-1	-1	1
91	1	{0}【强化】{1}装备吸收	强化中完成一次装备吸收		装备吸收：{0}{1}/1	-1	-1	-1	-1	-1	-1	-1	-1	-1	-1	-1	-1	1
92	1	{0}【强化】{1}装备打星	强化中完成一次装备打星		装备打星：{0}{1}/1	-1	-1	-1	-1	-1	-1	-1	-1	-1	-1	-1	-1	1
93	1	{0}【强化】{1}装备镶嵌	完成一次宝石镶嵌		装备镶嵌：{0}{1}/1	-1	-1	-1	-1	-1	-1	-1	-1	-1	-1	-1	-1	1
94	1	{0}【竞技】{1}江湖名人录	挑战一次江湖名人录		江湖名人录：{0}{1}/1	-1	-1	-1	-1	-1	-1	-1	-1	-1	-1	-1	-1	1
95	1	{0}【竞技】{1}华山论剑	参加一次华山论剑		华山论剑：{0}{1}/1	-1	-1	-1	-1	-1	-1	-1	-1	-1	-1	-1	-1	1
96	1	{0}【竞技】{1}世界BOSS	参与世界BOSS活动		世界BOSS：{0}{1}/1	-1	-1	-1	-1	-1	-1	-1	-1	-1	-1	-1	-1	1
97	1	{0}【竞技】{1}命运收割	在野外除掉一名玩家		教训玩家：{0}{1}/1	-1	-1	-1	-1	-1	-1	-1	-1	-1	-1	-1	-1	1
98	1	{0}【帮会】{1}帮战	参加一次帮战		参加帮战：{0}{1}/1	-1	-1	-1	-1	-1	-1	-1	-1	-1	-1	-1	-1	1
99	3	{0}【主】{1}帮忙	您要打听的人我知道，可是咱这最有名的雕梅酒有点供不应求了，少了青梅是做不出地道的雕梅酒的，$R可愿意帮忙摘些来？	有劳$R了，你要打听的人就是旁边的这位客官，您可别说是我说的。	采集青梅：{0}{1}/1	22.11239	82.21916	1	-1	49.87	28.58	1	187	49.87	28.58	1	187	1
100	0	{0}【主】{1}酒量	这位客官似是大有来头，小的也很好奇，此人在我店里已经喝了二十多碗酒了，却清醒如常，真乃奇人。	哈哈哈，痛快！想不到我乔某在大理能结交$R如此人物，真是三生有幸！	找乔峰对话：{0}{1}/1	54.05	32.17	1	8	49.87	28.58	1	187	54.05	32.17	1	8	1
101	0	{0}【主】{1}驭兽	大理子民十分敬仰王爷，帮忙找寻世子我们义不容辞，小人恰巧略懂驭兽之术，可对寻找世子有些帮助。	只要方法得当，$R短时间掌握第一种层次是没问题的。	和裁缝对话：{0}{1}/1	81.04	66	1	9	81.04	66	1	9	81.04	66	1	9	1
102	3	{0}【主】{1}豺肉	第一种驭兽层次比较易学，首先就是得到它的认同。可通过喂食使它消除敌意并产生信赖，去弄点豺肉来我告诉你怎么做。	要从动物的天性去理解它们的行为，这样慢慢就可以掌握到窍门了。	获得豺肉：{0}{1}/1	15.24	66.27	1	186	81.04	66	1	9	81.04	66	1	9	1
103	0	{0}【主】{1}朋友	你瞧什么呐，没见过美女么，本姑娘就是钟灵。 	原来如此，那我们现在也算半个朋友，朋友有难你不能不帮吧？	和钟灵对话：{0}{1}/1	17.55	52.42	2	32	17.55	52.42	2	32	17.55	52.42	2	32	1
104	3	{0}【主】{1}解渴	我在这山里转了大半天了，走不动了，$R帮我弄点梅子解解渴呗。	你和段大哥对我都很好，不像那些什么宗的弟子蛮横不讲理，仗着武功乱欺负人。	采集青梅：{0}{1}/1	9	22	2	-1	17.55	52.42	2	32	17.55	52.42	2	32	1
105	5	{0}【主】{1}字牌	你虽然帮我报了进喜儿的仇，但是进谷需要正确切口，你若答对我就放你进去。	$R是怎么知道这切口的，莫非你识得我家主人？	完成字牌：{0}{1}/1	57.89	10.17	5	40	57.89	10.17	5	40	57.89	10.17	5	40	1
106	2	{0}【主】{1}约定	咱们行走江湖之前我想先告诉朱兄一声，也好让父王放心。不如你先去万劫谷等我，稍后我便与你汇合。	$R果然是守信之人，我代小女感谢$R！	找甘宝宝：{0}{1}/1	40.85	9.52	5	41	48.52	55.35	2	33	40.85	9.52	5	41	1
107	0	{0}【主】{1}孽缘	我听灵儿说这次遇险，一起被救的还有个姓段的年轻人？可否与我说说。	今天说话的内容你要守口如瓶，千万不要让我夫君知晓。	对话甘宝宝：{0}{1}/1	40.85	9.52	5	41	40.85	9.52	5	41	40.85	9.52	5	41	1
108	2	{0}【主】{1}生辰	这个锦盒里有灵儿的生辰八字你拿去交给朱丹臣，让他转交给王爷,看后他自会明白的。	没想到在此遇到$R，我们追寻世子消息到了这里，却发现世子被四大恶人掳走了。	找朱丹臣：{0}{1}/1	22.8	50.06	5	314	40.85	9.52	5	41	22.8	50.06	5	314	1
109	2	{0}【主】{1}拜师	南海恶神硬要逼着世子拜他为师，不然就扭断他的脖子，这可如何是好。	哈哈，小子让我摸摸你的后脑海，看看是否适合做我南海恶神的传人。	找岳老三：{0}{1}/1	19.94	37.89	5	188	22.8	50.06	5	314	19.94	37.89	5	188	1
110	0	{0}【主】{1}威逼	段誉这小子练我南海派武功绝错不了，后脑海的反骨和我的一模一样，哈哈!	谁不听话我就咔嚓一下扭断他的脖子，怎么样厉害吧？	对话岳老三：{0}{1}/1	19.94	37.89	5	188	19.94	37.89	5	188	19.94	37.89	5	188	1
111	5	{0}【主】{1}溜走	你不同意段誉拜我为师，就是我岳老二的敌人，吃我一剪！	哼，岳老二今天不和你打了，改天咱们再来过。	打败岳老三：{0}{1}/1	19.94	37.89	5	188	19.94	37.89	5	188	19.94	37.89	5	188	1
112	2	{0}【主】{1}援手	你武功不错，老大是打不过的，但叶二娘是一定打的过。三妹和老四去追赶段小子和她的小媳妇了，你去不去？	$R可是前来援手的，散人先谢过$R。	找玉虚散人：{0}{1}/1	9.71	47.51	5	189	19.94	37.89	5	188	9.71	47.51	5	189	1
113	5	{0}【主】{1}切磋	没想到四大恶人中只是叶二娘和云中鹤已经这么厉害了。	犬子能结交你这样的朋友是他的造化。	打败叶二娘：{0}{1}/1	9.71	47.51	5	189	9.71	47.51	5	189	9.71	47.51	5	189	1
114	2	{0}【主】{1}躲避	此地不宜久留，四大恶人定会再来，誉儿中了邪毒被他伯父带去苍山天龙寺。你前去那里拜见本因方丈，或许有办法可以抵挡他们。	阿弥陀佛，有劳施主为大理皇室子孙奔走操劳，老衲有礼了。	找本因方丈：{0}{1}/1	46.58	17.45	20	192	9.71	47.51	5	189	46.58	17.45	20	192	1
115	0	{0}【主】{1}危难	非是出家人不愿出力渡劫，实是本寺大敌当前，不敢耗损功力	$R稍安勿躁，此事并非没有化解的可能。	对话本因方丈：{0}{1}/1	46.58	17.45	20	192	46.58	17.45	20	192	46.58	17.45	20	192	1
116	2	{0}【主】{1}求助	无论四大恶人还是大轮明王均来者不善，后果非小，非本门师叔出来主持大局不可。	阿弥陀佛，此事老衲已知晓，$R来此实乃天意，或可助本寺渡过此劫难。	找枯荣大师：{0}{1}/1	58.52	42.27	20	193	46.58	17.45	20	192	58.52	42.27	20	193	1
117	1	{0}【主】{1}磨练	佛门武功注重修心，否则任你武功再高遇到高手后也会因为心智不够强大而产生诸般幻像，寺外游荡红熊正是你磨练心智的良机。	$R如此刻苦坚忍磨练心智，悟性又很高，很好，很好，将来必是栋梁之才。	除掉红熊：{0}{1}/20	24.21	43.85	20	154	58.52	42.27	20	193	58.52	42.27	20	193	1
118	1	{0}【主】{1}降怪	你除掉红熊，激起了熊王的凶性，恐怕要为祸百姓，$R前去将这畜生一并收服了吧。	熊王被收服，老衲就放心了。大轮明王也快到了，我去安排一下。	除掉熊王：{0}{1}/1	56.52	56.08	20	155	58.52	42.27	20	193	58.52	42.27	20	193	1
119	2	{0}【主】{1}福源	老衲暂时需要闭关修炼一段时间以应对大轮明王，$R先到本因师侄那里看看他有什么需要你做的。	师叔大智大慧，有此安排必然有深意，看来$R福源不浅。	找本因方丈：{0}{1}/1	46.58	17.45	20	192	58.52	42.27	20	193	46.58	17.45	20	192	1
120	1	{0}【主】{1}解困	近日我大理不知为何来了很多藩邦探子，出家人本不该多管闲事，但此事关乎我段氏基业，所以烦请$R代为处理。	看来大理短时间内不会再被他国窥视，一切都要感谢$R仗义出手。	藩邦探子：{0}{1}/20	18.01	6.45	20	152	46.58	17.45	20	192	46.58	17.45	20	192	1
121	4	{0}【主】{1}美景	$R来我天龙寺一直奔走操劳，还没有看过苍山美景，是老衲失礼了。	有风花雪月之称的美景，$R以为如何。	游览苍山美景：{0}{1}/1	25	14	20	192	46.58	17.45	20	192	46.58	17.45	20	192	1
122	1	{0}【主】{1}威胁	明王未到，随从却已先到。他们个个眼露精光，太阳穴高鼓，显是深藏武功，本寺只有我们几个老和尚会些拳脚，这对我们是个不小的威胁。	山雨欲来风满楼，天龙寺百年清誉决不能毁在我们手里。	明王随从：{0}{1}/20	50.49	10.05	20	153	46.58	17.45	20	192	46.58	17.45	20	192	1
123	3	{0}【主】{1}丹药	本寺丹房的存药有限，和明王一战损伤再所难免，天龙寺后山倒有不少名贵草本，$R可否帮忙采几株回来？	多谢$R，我这就让他们拿去加工成药。	采集草药：{0}{1}/1	11	45	20	-1	46.58	17.45	20	192	46.58	17.45	20	192	1
124	5	{0}【主】{1}爬塔	距离枯荣师叔出关还有一段时间，$R不如去见识下我天龙寺的藏经阁，说不定对$R会有些裨益。	阿弥陀佛，$R佛缘非浅，日后定有大造化。	藏经阁2层：{0}{1}/1	-1	-1	-1	-1	46.58	17.45	20	192	46.58	17.45	20	192	1
125	5	{0}【主】{1}重入	$R可愿再进入藏经阁一次？	阿弥陀佛，$R悟性之高，生平仅见。	藏经阁5层：{0}{1}/1	-1	-1	-1	-1	46.58	17.45	20	192	46.58	17.45	20	192	1
126	2	{0}【主】{1}提醒	师叔差不多该出关了，他嘱咐过出关之时叫你前去，有重要的事情交代。	$R到我近身前来。	找枯荣大师：{0}{1}/1	58.52	42.27	20	193	46.58	17.45	20	192	58.52	42.27	20	193	1
127	0	{0}【主】{1}挑衅	大轮明王已到，你在我身边即可，不要妄动。	明王出言威吓，天龙寺便将镇寺之宝双手奉上，成何体统！	聆听对话：{0}{1}/1	58.52	42.27	20	193	58.52	42.27	20	193	58.52	42.27	20	193	1
128	5	{0}【主】{1}比武	既然明王如此说，$R不如下场陪明王切磋切磋	明王既已精通少林七十二绝技，复又精擅大雪山大轮寺武功，当世恐已无敌手。	和鸠摩智比试：{0}{1}/1	58.52	42.27	20	193	58.52	42.27	20	193	58.52	42.27	20	193	1
129	5	{0}【主】{1}参悟	如今只有让$R参悟六脉神剑剑谱，成与不成全看你的造化了。	$R此时真气充沛，经脉顺畅，想是从剑谱中悟得真谛，受益匪浅。	参悟剑谱：{0}{1}/1	58.52	42.27	20	193	58.52	42.27	20	193	58.52	42.27	20	193	1
130	5	{0}【主】{1}焚烧	$R修炼六脉神剑后可敢再次挑战明王？	既然明王已印证了六脉神剑的精奥，这剑谱也没有留在世上的意义，老衲烧了这图谱就是。	打败鸠摩智：{0}{1}/1	58.52	42.27	20	193	58.52	42.27	20	193	58.52	42.27	20	193	1
131	2	{0}【主】{1}拜服	$R且去问问明王可还有话说。	六脉神剑天下第一，小僧今日得见大开眼界，可惜剑谱被焚烧。	与鸠摩智对话：{0}{1}/1	55.73	41.18	20	194	58.52	42.27	20	193	55.73	41.18	20	194	1
132	5	{0}【主】{1}剑谱	剑谱被焚，$R就是活剑谱，将你带去烧了也是一样的。慕容先生地下有人相伴，可不觉寂寞了！	$R，小僧屈你大驾北来，多有得罪，好生过意不去。	与鸠摩智对话：{0}{1}/1	60.69	49.68	13	197	55.73	41.18	20	194	60.69	49.68	13	197	1
133	0	{0}【主】{1}挟持	可知小僧此举，是何用意？	佛爷好意饶你性命，你偏执迷不悟。只有拿你去慕容先生墓前焚烧。	与鸠摩智对话：{0}{1}/1	60.69	49.68	13	197	60.69	49.68	13	197	60.69	49.68	13	197	1
134	2	{0}【主】{1}寻路	佛爷我许久不来中原，物是人非，已记不得慕容先生的住处了。 你去问问参合庄怎么走？	小店今天不开张，您要是打尖住店请移驾别处吧。	找卢煮：{0}{1}/1	109.33	70.9	13	195	60.69	49.68	13	197	109.33	70.9	13	195	1
135	0	{0}【主】{1}冤屈	我的饭庄都快保不住了，哪里有心思去想叁合庄在哪儿？	哎，这年月没钱没势怎么活啊。	对话卢煮：{0}{1}/1	109.33	70.9	13	195	109.33	70.9	13	195	109.33	70.9	13	195	1
136	2	{0}【主】{1}报答	我看$R穿着打扮也不是一般人，若能保得小店周全，我愿意将本店招牌菜的秘方送给$R以作报答。	我就是郑屠，江湖人称：笑面屠夫，哈哈哈，你找我有什么事吗？	找郑屠：{0}{1}/1	50.58	17.44	21	198	109.33	70.9	13	195	50.58	17.44	21	198	1
137	1	{0}【主】{1}恶奴	哈哈哈，让我放过姓卢的可以，不过先问过我的手下愿不愿意！	大侠饶命，小的有眼不识泰山，这房契我不要了，您放小的一马。	除掉恶奴：{0}{1}/30	62.03	25.2	21	158	50.58	17.44	21	198	50.58	17.44	21	198	1
138	2	{0}【主】{1}搭救	多谢您高抬贵手，以后小的决不敢再去找卢煮的麻烦了。	$R恩同再造，请受我一拜！ 	找卢煮：{0}{1}/1	109.33	70.9	13	195	50.58	17.44	21	198	109.33	70.9	13	195	1
139	2	{0}【主】{1}阿碧	阿碧姐姐住在燕子坞，她最有可能知道叁合庄在哪，恩人去问问她吧。	这位$R要去参合庄，有什么事么？	找阿碧：{0}{1}/1	92.69	67.67	13	196	109.33	70.9	13	195	92.69	67.67	13	196	1
140	0	{0}【主】{1}警惕	参合庄的名字，外边人不会晓得，$R从什么地方听来的？	从这里去燕子坞，走三九水路就到了。	对话阿碧：{0}{1}/1	92.69	67.67	13	196	92.69	67.67	13	196	92.69	67.67	13	196	1
141	2	{0}【主】{1}阿朱	府上的事全由阿朱姐姐做主，$R可到燕子坞寻找阿朱姐姐再做定夺，大和尚就由我先在这里伺候着。	是阿碧那丫头告诉$R的吧，要不一般人可不识得这里。	找阿朱：{0}{1}/1	60.76	51.64	21	200	92.69	67.67	13	196	60.76	51.64	21	200	1
142	0	{0}【主】{1}烦恼	这么说那鸠摩智未必是真心来送剑谱，再说焚烧活人也太过残忍，出家人怎能如此！	如果没什么事$R尽可放心待在此地，量那蕃僧一时半会也找不到这里。	对话阿朱：{0}{1}/1	60.76	51.64	21	200	60.76	51.64	21	200	60.76	51.64	21	200	1
143	3	{0}【主】{1}美食	江南此时的水红菱最是可口，浅水边就有很多，$R可不要错过机会。	怎么样，我没有骗你吧，阿碧最爱吃红菱，她要是在就好了。	采集红菱：{0}{1}/1	46.17	43.74	21	-1	60.76	51.64	21	200	60.76	51.64	21	200	1
144	5	{0}【主】{1}伪装	我一直怀疑有人假冒我们公子为非作歹，$R可愿陪我去燕子坞副本查个明白。	我敢断定他们都是假冒的，居然连邓大哥他们也一并假冒了，真是做的天衣无缝，不是自家人根本识破不了。	燕子坞副本：{0}{1}/1	60.76	51.64	21	200	60.76	51.64	21	200	60.76	51.64	21	200	1
145	5	{0}【主】{1}宝贝	人虽然是假的，但他们私藏的玄铁石是好东西，我来教你怎么用这宝贝。	照我说的方法你会更强的，以后捡到这东西可不能乱丢。	对话阿朱：{0}{1}/1	60.76	51.64	21	200	60.76	51.64	21	200	60.76	51.64	21	200	1
146	2	{0}【主】{1}告知	$R去问问管家老黄，看看公子爷回来了没有，有人冒充之事得让他早点知道为好。	阿朱托付的人，自然是信得过的人。我这里来了好几拨人，把府上闹得鸡犬不宁，我正不知如何是好。	找老黄：{0}{1}/1	8.44	55.49	21	201	60.76	51.64	21	200	8.44	55.49	21	201	1
147	0	{0}【主】{1}演戏	公子爷和几位大爷都不在家，我这把老骨头对他们是无可奈何啊。	我虽然是慕容家的管家，但并不懂得武功，这些人到这里又吃又闹，我一点办法也没有。	对话老黄：{0}{1}/1	8.44	55.49	21	201	8.44	55.49	21	201	8.44	55.49	21	201	1
148	1	{0}【主】{1}出手	最可恶的就是秦家寨这些家伙，我顶撞了他们几句，就把我打了一顿，哎呦。	多亏$R来了，不然我这顿打是白挨了。我们公子爷也不知道什么时候能回来。	秦家寨弟子：{0}{1}/30	17.92	55.37	21	156	8.44	55.49	21	201	8.44	55.49	21	201	1
149	2	{0}【主】{1}教训	我看这些青城派的也不是什么好东西，不说话时活像个僵尸似的，看着就晦气，阿朱酿的玫瑰花露都让他们打碎了。	太痛快了，公子爷回来我也可以有个交代了，多谢$R出手。	青城弟子：{0}{1}/30	21.7	19.68	21	157	8.44	55.49	21	201	8.44	55.49	21	201	1
150	5	{0}【主】{1}神兽	$R帮了老夫这么大的忙，老夫无以为报。我这里养了不少珍兽，$R去选一只	$R慧眼，这只珍兽真的很不错，跟着$R也算是它的造化。	抽取伙伴：{0}{1}/1	8.44	55.49	21	201	8.44	55.49	21	201	8.44	55.49	21	201	1
151	1	{0}【主】{1}暂避	$R教训了这两拨人，恐怕姚伯当和司马林不会善罢甘休，他们都不是好惹的主，$R要不先回阿朱那里避一避。	$R不顾自己安危，解救听香水榭之围，阿朱感激万分。	找阿朱：{0}{1}/1	60.76	51.64	21	200	8.44	55.49	21	201	60.76	51.64	21	200	1
152	0	{0}【主】{1}澄清	这么躲下去也不是办法，再说也不能让他们小瞧了燕子坞的人。	包三哥武功高强，就算说不通也不怕他们动手。	和阿朱交谈：{0}{1}/1	60.76	51.64	21	200	60.76	51.64	21	200	60.76	51.64	21	200	1
153	5	{0}【主】{1}燕子坞	就让包三哥和$R一起去吧，谅他们也不敢造次。	这件事总算有个了结了，这些江湖人也真是的，公子爷怎么会去杀他们的人，荒谬。	通关副本：{0}{1}/1	60.76	51.64	21	200	60.76	51.64	21	200	60.76	51.64	21	200	1
154	1	{0}【主】{1}同门	阿碧用飞鸽送来书信，吐蕃和尚已经走了，而且$R的同门似乎正在寻找$R。	听说$R在燕子坞打败假公子爷还教训了闯入听香水榭的人，真让人惊喜。	找阿碧：{0}{1}/1	92.69	67.67	13	196	60.76	51.64	21	200	92.69	67.67	13	196	1
155	1	{0}【主】{1}门派	$R，你门派的人正在找你，似乎有什么重要的事情。	$R总算来了，本门发生了重大事情。	找门派接引人：{0}{1}/1	98.08	52.84	13	319	92.69	67.67	13	196	98.08	52.84	13	319	1
156	0	{0}【主】{1}报仇	自从你下山后家师一直挂念你，一直也没有你的音信，他老人家很担心。	你找到线索就来这里找我，我会在这里一直等着。	门派接引人：{0}{1}/1	98.08	52.84	13	319	98.08	52.84	13	319	98.08	52.84	13	319	1
157	5	{0}【主】{1}历练	除了找寻线索外，师傅还交代了一些任务，这些任务都是作为你日常历练的内容。	很好，师傅他老人家知道了一定会很高兴的。	完成门派任务：{0}{1}/1	-1	-1	-1	-1	98.08	52.84	13	319	98.08	52.84	13	319	1
158	1	{0}【主】{1}秘笈	我听说有个叫琅嬛玉洞的地方收集着天下武学典籍，莫非我们的秘笈也被这琅嬛玉洞的主人收藏了，就算不是也要弄个清楚。	好大的胆子竟敢擅闯我曼陀山庄，来人给我拉下去砍掉双脚做花肥。	找王夫人：{0}{1}/1	24.98	52.66	9	217	98.08	52.84	13	319	24.98	52.66	9	217	1
159	2	{0}【主】{1}花肥	不去做花肥也行，你替我去找些花肥来。	我这满园的茶花，这点花肥怎么够。	除掉宵小：{0}{1}/40	54.17	32.03	9	161	24.98	52.66	9	217	24.98	52.66	9	217	1
160	2	{0}【主】{1}免罚	你再去杀几个强盗，就免去砍你双脚之罚	身手还不错，杀了你确实有点可惜。	除掉强盗：{0}{1}/40	23.21	44.27	9	163	24.98	52.66	9	217	24.98	52.66	9	217	1
161	0	{0}【主】{1}寻找	你到我曼陀山庄来做什么？	不管你有什么理由，琅嬛玉洞都是不能让外人进入的。	与王夫人对话：{0}{1}/1	24.98	52.66	9	217	24.98	52.66	9	217	24.98	52.66	9	217	1
162	1	{0}【主】{1}琅嬛	看在你为师门奔走操劳的情份上，我破例让你见见小女，她虽不会武功但天下武功可说是烂熟于心，说不定可以帮你的忙。	$R是从外面来的么，我怎么从来没见过你？	找王语嫣：{0}{1}/1	12.08	33.57	9	218	24.98	52.66	9	217	12.08	33.57	9	218	1
163	0	{0}【主】{1}外界	我从来没出去过，这里也难得有外人来，外面的事情一点也不知，$R能给我讲讲么？	少林寺百年名刹自然明辨是非，就怕表哥脾气上来，和人动起手恐怕沾不到便宜，真是担心。	与王语嫣对话：{0}{1}/1	12.08	33.57	9	218	12.08	33.57	9	218	12.08	33.57	9	218	1
164	2	{0}【主】{1}招式	你看我光顾着自说自话了。 $R可否将本门武功演示一二给我看看。	$R武功精湛，动作行云流水，若勤加练习定能炉火纯青。	打木桩：{0}{1}/1	16.14	36.15	9	220	12.08	33.57	9	218	12.08	33.57	9	218	1
165	1	{0}【主】{1}丐帮	$R所说的武功秘笈我在琅嬛玉洞中未曾见过。不如$R找丐帮的人打听一下，若论消息灵通，丐帮可是天下第一。	在下丐帮执法长老白世镜，不知$R有何指教。	找白世镜：{0}{1}/1	35.44	8.01	9	219	12.08	33.57	9	218	35.44	8.01	9	219	1
166	2	{0}【主】{1}剿匪	我赶往无锡分舵途中，遇到了大量马贼抢劫财物，无奈我势单力薄，不能将这些祸害一一杀尽，$R可愿助我？	$R身手不凡，贵派能培养出$R如此新秀，真是可喜可贺。	除掉马贼：{0}{1}/40	18.88	25.72	9	162	35.44	8.01	9	219	35.44	8.01	9	219	1
167	3	{0}【主】{1}遗失	糟糕，我身上的书信定是在之前的打斗中失落在某个地方了。此书信事关重大，$R可否帮忙找寻一下。	正是此信，多谢$R。	找到书信：{0}{1}/1	23.21	44.27	9	163	35.44	8.01	9	219	35.44	8.01	9	219	1
168	0	{0}【主】{1}蹊跷	$R，可否将本门发生的事详细说来，能帮上忙，丐帮上下义不容辞。	希望乔帮主此次能查明真相，为我丐帮讨回一个公道。	与白世镜对话：{0}{1}/1	35.44	8.01	9	219	35.44	8.01	9	219	35.44	8.01	9	219	1
169	1	{0}【主】{1}同行	我还有其他要事不能陪同$R赶往本帮，不过吕长老他们此刻正在杏子林，你去那里找他吧	在下正是丐帮吕章，白长老已经飞鸽传书与我说明$R来意。	找吕长老：{0}{1}/1	49.52	10.66	26	221	35.44	8.01	9	219	49.52	10.66	26	221	1
170	2	{0}【主】{1}平乱	丐帮此刻正处于大危机中，宋奚陈吴四长老误信人言，图谋叛乱。	其实大部分兄弟还是相信乔帮主的，一定是有人在暗中策划挑拨。	丐帮叛徒：{0}{1}/50	36.95	4.95	26	164	49.52	10.66	26	221	49.52	10.66	26	221	1
171	1	{0}【主】{1}帮主	$R帮忙平乱，丐帮上下十分感激， 乔帮主正在前面处理帮务，请$R过去相谈。	哈哈，洱海小别，$R的武功又似精进了不少。	找乔峰：{0}{1}/1	57.48	27.68	26	222	49.52	10.66	26	221	57.48	27.68	26	222	1
172	0	{0}【主】{1}不解	乔某兢兢业业治理丐帮，万没想到今日属下会图谋反我，真是让人想不通。	愚兄倒没有想到这一节，还是$R心思缜密。	与乔峰对话：{0}{1}/1	57.48	27.68	26	222	57.48	27.68	26	222	57.48	27.68	26	222	1
173	2	{0}【主】{1}御敌	眼下有大批西夏武士在驻扎在此地，对我大宋图谋不轨，我已命令丐帮弟子全力抵御，请$R助我一臂之力。	这样打下去不是办法，对方兵力充足我们一时难以取胜，古语有云擒贼先擒王。	西夏武士：{0}{1}/50	40.25	40.56	26	165	57.48	27.68	26	222	57.48	27.68	26	222	1
174	1	{0}【主】{1}擒王	对方大将是西夏将军赫连铁树，我曾与他多次交手，此人诡计多端，小心为上。	乔峰让你捎了什么话来？	找赫连铁树：{0}{1}/1	57.07	52.47	26	223	57.48	27.68	26	222	57.07	52.47	26	223	1
175	0	{0}【主】{1}拉拢	我西夏勇士前来是朝见宋朝之主，你们刀剑相向，这岂是待客之礼。	今天就让你见识见识我西夏一品堂的厉害。	与赫连铁树对话：{0}{1}/1	57.07	52.47	26	223	57.07	52.47	26	223	57.07	52.47	26	223	1
176	2	{0}【主】{1}高手	你今天若能在我西夏一品堂高手手下活命，我就退兵不再为难丐帮，$R一言可决。	哼，一帮废物。 我西夏一品堂的面子都给丢尽了。	一品堂高手：{0}{1}/50	23.91	43	26	166	57.07	52.47	26	223	57.07	52.47	26	223	1
177	1	{0}【主】{1}恐吓	你回去转告乔峰，一品堂早晚会将中原各大门派打的七零八落，哈哈哈	若让他们得逞，日后定会引兵犯界，长驱直入。	找乔峰：{0}{1}/1	57.48	27.68	26	222	57.07	52.47	26	223	57.48	27.68	26	222	1
178	5	{0}【主】{1}劲敌	这赫连铁树端得狡猾，他边撤兵边派出高手来挑衅中原各派，有叫李延宗的高手已经连挫几名丐帮好手，$R可愿去会会他。	除去此劲敌，一品堂再不敢轻易出手对付各大门派，$R大功一件。	除掉李延宗：{0}{1}/1	-1	-1	-1	-1	57.48	27.68	26	222	57.48	27.68	26	222	1
179	5	{0}【主】{1}宝石	我刚才从几个一品堂的人身上搜到了一些好东西，其中一件我想你一定喜欢，你猜猜是什么？	宝石可以提升装备属性，还可以反复使用，我听帮里的长老说等级越高效果越好，以后你可以试试。	镶嵌宝石：{0}{1}/1	57.48	27.68	26	222	57.48	27.68	26	222	57.48	27.68	26	222	1
180	1	{0}【主】{1}身世	这里的事情忙的差不多了。我要赶往少室山去查明我的身世，此地离无锡不远你先到那里等我。	这种时候$R怎么还敢和乔峰走的这么近，难道你没听到江湖上的传闻吗？	找鲍千灵：{0}{1}/1	60.24	15.4	22	322	57.48	27.68	26	222	60.24	15.4	22	322	1
181	0	{0}【主】{1}争辩	不怕$R笑话，乔帮主曾经救过我的命，不过此次事关重大，若乔峰真是契丹人，那我不能站在他一边。	$R，民族大义为重，你要三思而行。	对话鲍千灵：{0}{1}/1	60.24	15.4	22	322	60.24	15.4	22	322	60.24	15.4	22	322	1
182	2	{0}【主】{1}怒气	$R若不信可去打听打听，是否只我一人如此说法。	鲍千灵绝非信口雌黄，却有此事，哎，枉我快刀祁六还当他是条好汉。	找祁六：{0}{1}/1	46.71	45.35	22	323	60.24	15.4	22	322	46.71	45.35	22	323	1
183	2	{0}【主】{1}求证	湘东向望海向大爷也为此事而来，$R也可求证于他。	乔峰这厮一向名头很大，假仁假义，倒给他骗了不少人，哪想得到竟会干出这样滔天的罪行来。	找向望海：{0}{1}/1	53.38	70.27	22	324	46.71	45.35	22	323	53.38	70.27	22	324	1
184	0	{0}【主】{1}神医	我们都收到了薛神医的英雄帖赶往此地，$R也接到了英雄帖么？	江湖上近来除了乔峰行恶之外，也没别的什么大事了。	对话向望海：{0}{1}/1	53.38	70.27	22	324	53.38	70.27	22	324	53.38	70.27	22	324	1
185	2	{0}【主】{1}发帖	$R不如亲自去找薛神医问个明白。	老夫发的是无名帖，帖上不署宾客姓名，见者有份，只要是武林中人一概欢迎。	找薛神医：{0}{1}/1	9.58	35.14	22	325	53.38	70.27	22	324	9.58	35.14	22	325	1
186	0	{0}【主】{1}聚众	乔峰这厮乃契丹狗种，就算他大仁大义，咱们也当将他除了，何况他恶性已显，为祸日烈。	武林的朋友也都到得差不多了，乔峰若敢来定叫他插翅难飞。	对话薛神医：{0}{1}/1	9.58	35.14	22	325	9.58	35.14	22	325	9.58	35.14	22	325	1
187	2	{0}【主】{1}送信	咱们明人不做暗事，既然是要杀他，需让他明明白白，有劳$R通知乔峰，我等在聚贤庄等他。	感谢$R来通知我，那些无知小人对我乔某造谣诬蔑，倒是不难，要出手伤我，未必有这么容易。	找乔峰：{0}{1}/1	16.67	13.81	22	326	9.58	35.14	22	325	16.67	13.81	22	326	1
188	0	{0}【主】{1}奇冤	我乔峰自踏入江湖以来，只有为友所敬、为敌所惧，哪有像这几日中如此受人轻贱卑视！	一日之中，我竟身遭杀父、杀母、杀师这三件奇冤！老天待我太也不公！	对话乔峰：{0}{1}/1	16.67	13.81	22	326	16.67	13.81	22	326	16.67	13.81	22	326	1
189	2	{0}【主】{1}续命	阿朱身受重伤，连日来靠着我输入内力替她续命，也维持不了多少日，你去看看她吧。	乔大哥，每给我渡一次气，自己的内力便消减一次，练武功之人，真气内力是第一要紧的东西，我真不想这样下去。	找阿朱：{0}{1}/1	24.42	13.83	22	327	16.67	13.81	22	326	24.42	13.83	22	327	1
190	1	{0}【主】{1}犯险	乔大哥宅心仁厚，不愿伤了武林同道，但此去势必凶险，我有个不情之请望$R答应。	都是因为我乔大哥才犯险，我该如何报答他的恩情。	除掉刀客：{0}{1}/50	57.64	58.27	22	169	24.42	13.83	22	327	24.42	13.83	22	327	1
191	1	{0}【主】{1}担忧	薛神医邀请来的好手不少，他们这么多人一起围攻乔大哥一个，就算他武功了得也难免受伤。	那些人要如$R一般明事理就好了。汉人和契丹人又有何分别呢，契丹人中也有好人，汉人中也有坏人。	除掉剑客：{0}{1}/60	25.92	72.03	22	168	24.42	13.83	22	327	24.42	13.83	22	327	1
192	0	{0}【主】{1}托付	薛神医真的有传说的那么高明么，什么死人也能医活，我看多半是假的。	我若真的熬不过这一关，以后谁来照顾乔大哥呢？其实他内心很苦，很是可怜。	对话阿朱：{0}{1}/1	24.42	13.83	22	327	24.42	13.83	22	327	24.42	13.83	22	327	1
193	1	{0}【主】{1}埋伏	游氏双雄必定在庄子内安排了大量的家丁埋伏，就算乔大哥到时有抽身退走之意，恐怕也难上加难了。	能否全身而退，一切听天由命了，老天保佑乔大哥平安无事。	除掉家丁：{0}{1}/60	21.61	33.83	22	170	24.42	13.83	22	327	24.42	13.83	22	327	1
194	2	{0}【主】{1}牵挂	我还是担心乔大哥有个三长两短的，$R能不能帮我劝劝他，就算阿朱只有几日的命，能和他在一起也知足了。	阿朱姑娘如此说，我更加不能不顾她的生死。	找乔峰：{0}{1}/1	16.67	13.81	22	326	24.42	13.83	22	327	16.67	13.81	22	326	1
195	5	{0}【主】{1}杀戮	既然他们不分青红皂白，一切都算在我的帐上，却又如何？$R可敢与我闯一闯这龙潭虎穴。	我果然没有看错$R，今后我与$R有福同享有难同当，如违誓言，血溅当场。	聚贤庄副本：{0}{1}/1	-1	-1	-1	-1	16.67	13.81	22	326	16.67	13.81	22	326	1
196	2	{0}【主】{1}医治	今日我乔峰造了许多杀孽，无言再面对武林同道，我打算去雁门关的石碑看看，请$R照顾阿朱姑娘平安周全。	我可以答应救治这位姑娘，但$R也要应允我一件事。	找薛神医：{0}{1}/1	9.58	35.14	22	325	16.67	13.81	22	326	9.58	35.14	22	325	1
197	2	{0}【主】{1}和尚	我曾答应一个僧人替他医病，他传我一套少林绝技，可是眼下出了这么大的事情，我恐怕不能践约了。	什么这混小子不来了？ 那我的病谁来治啊，气死我了，看我见了他不把他胡子都拔光。	找灵隐和尚：{0}{1}/1	55.87	15.5	15	320	9.58	35.14	22	325	55.87	15.5	15	320	1
198	5	{0}【主】{1}吃肉	娃娃我看你不错，留下来陪我玩玩，我好几天没吃肉了，你能不能给我弄点来？	恩，这老虎肉真不错，拿来烤着吃一定是很香的。	找老虎肉：{0}{1}/1	47.96	15.45	15	172	55.87	15.5	15	320	55.87	15.5	15	320	1
199	0	{0}【主】{1}无趣	寺里的和尚都呆头呆脑，一本正经的，无趣！无趣！	我想起来了， 我好像本是姓赵的。	对话灵隐：{0}{1}/1	55.87	15.5	15	320	55.87	15.5	15	320	55.87	15.5	15	320	1
200	1	{0}【主】{1}寻乐	每日烦了我就和少林寺的铜人玩，它们不说话，也不知道疼，打起来很过瘾，你也试试？	怎么样，我没骗你吧？不知道扫地老僧在不在附近，和他打更过瘾。	打少林铜人：{0}{1}/60	40.27	28.12	15	171	55.87	15.5	15	320	55.87	15.5	15	320	1
201	2	{0}【主】{1}玄慈	娃娃你帮我个忙，你去找玄慈老小子说说情，让我下山一日半日的，好不好？	阿弥陀佛，想不到施主竟遇到了师叔，他和你说了什么？	找玄慈：{0}{1}/1	37.49	18.1	15	321	55.87	15.5	15	320	37.49	18.1	15	321	1
202	0	{0}【主】{1}秘密	我佛慈悲，灵隐师叔业障未消，我等后辈只能将他困在此处。	此间推测实无根据，$R要守诺保守秘密才是。	对话玄慈：{0}{1}/1	37.49	18.1	15	321	37.49	18.1	15	321	37.49	18.1	15	321	1
203	2	{0}【主】{1}疯癫	师叔一会疯癫一会正常，还是看着他为妙。他要什么先答应着他吧，只是不能让他下山。	怎么样，怎么样，玄慈答应了吗？	找灵隐：{0}{1}/1	55.87	15.5	15	320	37.49	18.1	15	321	55.87	15.5	15	320	1
204	5	{0}【主】{1}喝酒	除了下山其他都答应？ 那我要喝酒， 我看那边几个星宿弟子身上都带着酒葫芦，你去帮我弄来，咱俩一起喝。	怎么才这么点，都给我吧，我自己一个人都嫌不够。 	找酒葫芦：{0}{1}/1	14.62	42.73	15	173	55.87	15.5	15	320	55.87	15.5	15	320	1
205	2	{0}【主】{1}帮派	看在你帮我找酒的份上，我推荐你去见一个人，他是年轻时的酒友，威望很高。你去苏州找他吧	原来四皇子还活着，真是太好了，他还记得我。	找帮派管理员：{0}{1}/1	40.36	40.22	13	214	55.87	15.5	15	320	40.36	40.22	13	214	1
206	5	{0}【支】{1}入帮	$R天庭饱满，气宇不凡，是做个大事的人，但一个人的力量终究有限，要在江湖上立足，没有自己的组织是不行的。	呵呵，$R好好发展，说不定我以后就仰仗$R了。	建帮/入帮：{0}{1}/1	40.36	40.22	13	214	40.36	40.22	13	214	40.36	40.22	13	214	1
207	5	{0}【主】{1}日常	你师门派人送来信，让我督促你多加磨练，依我看日常任务是个不错的选择。	以后每天没事做就去做做日常吧。	日常任务：{0}{1}/5	-1	-1	-1	-1	40.36	40.22	13	214	40.36	40.22	13	214	1
208	1	{0}【主】{1}人质	圣使，段公子已经放了，还望圣使在童姥面前给属下美言几句。	你……你就是圣使？我怎么觉得你很面熟。	找段誉：{0}{1}/1	48.49	55.35	2	33	51.77	53.41	2	35	48.49	55.35	2	33	1
209	5	{0}【主】{1}棋局	江湖传闻聪哑老人摆下了一个珍珑棋局，我十分向往，我们去瞧瞧怎么样？	哇，这棋局真古怪啊，心智不定的人会凶险万分。	珍珑棋局副本：{0}{1}/1	-1	-1	-1	-1	48.49	55.35	2	33	48.49	55.35	2	33	1
210	5	{0}【主】{1}渐进	我观少侠稍有气喘之象，看来藏经阁此时对你来说有些勉强，不如你先去聚贤庄历练一下。	经过此番历练想必少侠已有精进。	聚贤庄副本：{0}{1}/1	-1	-1	-1	-1	46.58	17.45	20	192	46.58	17.45	20	192	1
211	5	{0}【抽奖】{1}每日抽奖	完成5次抽奖		抽奖：{0}{1}/5	-1	-1	-1	-1	-1	-1	-1	-1	-1	-1	-1	-1	1
212	5	{0}【美人】{1}亲密	完成3次美人亲密		亲密：{0}{1}/3	-1	-1	-1	-1	-1	-1	-1	-1	-1	-1	-1	-1	1
213	5	{0}【伙伴】{1}伙伴吸收	完成5次伙伴吸收		伙伴吸收：{0}{1}/5	-1	-1	-1	-1	-1	-1	-1	-1	-1	-1	-1	-1	1
214	3	{0}【支】{1}宝物	装备强化可以提升战力，去燕子坞副本弄些玄铁吧。如果慕容家的拦着，别给我面子。	很好，收集这些玄铁吃了不少辛苦吧。	玄铁：{0}{1}/2	-1	-1	-1	-1	40.36	40.22	13	214	40.36	40.22	13	214	1
215	5	{0}【支】{1}玄铁	好了，让这些玄铁物尽其用吧，把身上的装备强化一下。	怎么样，不错吧，轻轻松松提升战力。	强化：{0}{1}/1	-1	-1	-1	-1	40.36	40.22	13	214	40.36	40.22	13	214	1
216	5	{0}【支】{1}古墓	我听江湖朋友说，燕王古墓重现江湖，那里有不少金银财宝，你要不要去碰碰运气？	出门在外，银子多了好办事。	燕王古墓：{0}{1}/1	-1	-1	-1	-1	40.36	40.22	13	214	40.36	40.22	13	214	1
217	5	{0}【支】{1}合成	宝石提升战力更为明显，珍珑棋局掉落宝石，积少成多。使用三颗相同的宝石可乾坤袋中合成2级宝石。	恩，你的气息变强了，看来你成功的合出2级宝石了。	宝石合成：{0}{1}/1	-1	-1	-1	-1	40.36	40.22	13	214	40.36	40.22	13	214	1
218	5	{0}【主】{1}精进	可参加聚贤庄、燕子坞、珍珑棋局高经验副本、松鹤楼制作经验菜品或者去少室山场景组队刷怪提升到45级。	可喜可贺，少侠的武功更进一步了。	升到45级：{0}{1}/1	-1	-1	-1	-1	40.36	40.22	13	214	40.36	40.22	13	214	1
219	5	{0}【主】{1}打星	获得好装备，不要暴殄天物，紫色品质以上的装备是可以打星的，不信用我给你的打星石试试。	没骗你吧，星级越高加成越多。	打星：{0}{1}/1	-1	-1	-1	-1	40.36	40.22	13	214	40.36	40.22	13	214	1
220	5	{0}【主】{1}而立	可参加聚贤庄、燕子坞、珍珑棋局高经验副本、松鹤楼制作经验菜品或者去少室山场景组队刷怪提升到50级。	少侠的武功更精进了，江湖上恐怕已无多少敌手。	升到50级：{0}{1}/1	-1	-1	-1	-1	40.36	40.22	13	214	40.36	40.22	13	214	1
221	5	{0}【支】{1}魔头	听说了么？在雪原出现了一个女魔头，嗜杀成性，危害武林同道，请你前去参与讨伐。	为武林除害，你功不可没，同道一定会敬重你的。	世界BOSS：{0}{1}/1	15	24	4	847	40.36	40.22	13	214	40.36	40.22	13	214	1
222	5	{0}【主】{1}立德	可参加聚贤庄、燕子坞、珍珑棋局高经验副本、松鹤楼制作经验菜品或者去少室山场景组队刷怪提升到55级。	可喜可贺，少侠你的皱纹有深了一些。	升到55级：{0}{1}/1	-1	-1	-1	-1	40.36	40.22	13	214	40.36	40.22	13	214	1
223	5	{0}【主】{1}锄奸	国家危难之际，丐帮却出现了奸细，勾结敌国偷运物资，我大宋儿郎岂能坐视不管。	很好，大宋就需要你这样的年轻俊杰。	怒海锄奸：{0}{1}/1	-1	-1	-1	-1	40.36	40.22	13	214	40.36	40.22	13	214	1
224	5	{0}【主】{1}立言	可参加聚贤庄、燕子坞、珍珑棋局高经验副本、松鹤楼制作经验菜品或者去雁门关场景组队刷怪提升到60级。	嗬，为了大宋！你看我这表情和气势还行吧？	升到60级：{0}{1}/1	-1	-1	-1	-1	40.36	40.22	13	214	40.36	40.22	13	214	1
225	5	{0}【主】{1}侠客	遇高人怎能失之交臂，去拜访一位侠客吧。	恭喜少侠成功结交了江湖朋友。	拜访侠客：{0}{1}/1	-1	-1	-1	-1	40.36	40.22	13	214	40.36	40.22	13	214	1
226	5	{0}【主】{1}立身	可参加聚贤庄、燕子坞、珍珑棋局高经验副本、松鹤楼制作经验菜品或者去敦煌场景组队刷怪提升到65级。	其实这也没什么了不起，升级这件事只有更快没有最快。	升到65级：{0}{1}/1	-1	-1	-1	-1	40.36	40.22	13	214	40.36	40.22	13	214	1
227	5	{0}【主】{1}不惑	可参加聚贤庄、燕子坞、珍珑棋局高经验副本、松鹤楼制作经验菜品或者去敦煌场景组队刷怪提升到70级。	我听说刀白凤给段正淳带绿帽子了，哈哈哈，笑死我了。	升到70级：{0}{1}/1	-1	-1	-1	-1	40.36	40.22	13	214	40.36	40.22	13	214	1
228	5	{0}【主】{1}天命	可参加聚贤庄、燕子坞、珍珑棋局高经验副本、松鹤楼制作经验菜品或者去雪原场景组队刷怪提升到75级。	嘘，不要打扰我，我正在看：一个演员的自我修养。	升到75级：{0}{1}/1	-1	-1	-1	-1	40.36	40.22	13	214	40.36	40.22	13	214	1
229	5	{0}【主】{1}盟主	少林寺派人送来一封信，有人要争夺武林盟主之位，少室山恐有一场大战，你势单力薄，找几个队友一起去吧。	难怪我们当年都没有追求成功，原来小叶子的情郎是玄慈。	少室山：{0}{1}/1	-1	-1	-1	-1	40.36	40.22	13	214	40.36	40.22	13	214	1
230	5	{0}【主】{1}耳顺	可参加聚贤庄、燕子坞、珍珑棋局高经验副本、松鹤楼制作经验菜品或者去雪原场景组队刷怪提升到80级。	如果你见到段誉，把这首歌唱给他听：你究竟有几个好妹妹……	升到80级：{0}{1}/1	-1	-1	-1	-1	40.36	40.22	13	214	40.36	40.22	13	214	1
231	5	{0}【主】{1}从心	可参加聚贤庄、燕子坞、珍珑棋局高经验副本、松鹤楼制作经验菜品或者去缥缈峰场景组队刷怪提升到85级。	我问你个问题：扫地僧的真实身份是谁？	升到85级：{0}{1}/1	-1	-1	-1	-1	40.36	40.22	13	214	40.36	40.22	13	214	1
232	5	{0}【主】{1}所欲	可参加聚贤庄、燕子坞、珍珑棋局高经验副本、松鹤楼制作经验菜品或者去琅嬛福地场景组队刷怪提升到90级。	木有了，下面真的木有了。	升到90级：{0}{1}/1	-1	-1	-1	-1	40.36	40.22	13	214	40.36	40.22	13	214	1
233	5	{0}【主】{1}装备	江湖险恶，单打独斗终是势单力薄，是时候让你去和其他江湖朋友协作了，聚贤庄可是个掉落装备的好地方。	怎么样，江湖上的小伙伴们还给力吗？	聚贤庄组队：{0}{1}/2	-1	-1	-1	-1	40.36	40.22	13	214	40.36	40.22	13	214	1
234	5	{0}【主】{1}经验	去珍珑棋局试试吧，协作靠的是配合，多熟练几次总是没有坏处的，再说珍珑棋局的经验还那么多。	辛苦你了，苏老头脾气还是那么火爆么？	珍珑棋局：{0}{1}/1	-1	-1	-1	-1	40.36	40.22	13	214	40.36	40.22	13	214	1
235	5	{0}【主】{1}棋魂	这可能是我最后一次让你去珍珑棋局，当然这次的条件也更苛刻！	你是个有毅力的年轻人，我看好你哟！	珍珑棋局：{0}{1}/1	-1	-1	-1	-1	40.36	40.22	13	214	40.36	40.22	13	214	1
236	5	{0}【支】{1}耕耘	你可以每天在我这里领取一次完成20环日常的任务，你要接取么？	作为劳动所得这是你今天的奖励。别忘了领活跃度奖励哦，有元宝拿。	日常任务：{0}{1}/20	-1	-1	-1	-1	67.05	66.68	13	212	67.05	66.68	13	212	1
237	3	{0}【主】{1}丹药	为了让乔大哥少使用内力，我每日还会服食一些丹药，血气已通畅了许多。江湖险恶，少侠也备些药品，以防万一吧。	希望是我多虑，少侠永远用不到这些丹药才好。	混元丹：{0}{1}/20	-1	-1	-1	-1	24.42	13.83	22	327	24.42	13.83	22	327	1
238	5	{0}【光棍节】{1}表白	光棍节到了，你还是单身吗？去向异性表达爱意吧~ (小提示：去副本燕子坞看一看会有惊喜哦)	很有勇气，努力的迈出这一步会有收获的~	使用娇艳玫瑰：{0}{1}/4	-1	-1	-1	-1	67.17	61.11	13	208	67.17	61.11	13	208	1
239	5	{0}【感恩节】{1}仪式	一年一度的感恩节到了，有没有需要感谢的人呢？去洱海看一看吧~	做一个感恩礼拜来感谢一下所有帮助过你的人吧~	对话节日大使：{0}{1}/1	59.17	19.55	1	12	67.17	61.11	13	208	59.17	19.55	1	12	1
240	0	{0}【感恩节】{1}礼拜	你准备好了吗？准备好了就开始礼拜吧	保持一个感恩的心，你会更容易收获幸福	完成感恩礼拜：{0}{1}/1	59.17	19.55	1	12	59.17	19.55	1	12	59.17	19.55	1	12	1
241	5	{0}【主】{1}前行	我还记得你师兄让我督促你，他拜托我的事，我一定办到。	以后每天没事做就去做做日常吧。	日常任务：{0}{1}/5	-1	-1	-1	-1	40.36	40.22	13	214	40.36	40.22	13	214	1
242	5	{0}【主】{1}坚持	勤能补拙，你天资不错，后天勤奋一定会出人头地的。	以后每天没事做就去做做日常吧。	日常任务：{0}{1}/5	-1	-1	-1	-1	40.36	40.22	13	214	40.36	40.22	13	214	1
