Index	Desc	RankType	PosMin	PosMax	StartTime	EndTime	TitleId	Money	BindYuanBao	Reputation	RewardDesc
INT	STRING	INT	INT	INT	INT	INT	INT	INT	INT	INT	INT
#MAX_ID=1024;MAX_RECORD=1025;TableType=Hash;											
#索引	程序不读	排行榜类型 1藏经阁副本/2帮战海选/3帮战海选 击杀人数/4华山-战绩/5华山-金腰带/6等级/7战斗力/8血量/9帮会战斗力/10华山-排行/11少林/12天山/13大理/14逍遥/15金币/16宗师/17消费/18攻击力/22在线时间	最小排名	最大排名	奖励开始时间(时间单位天，既开服第几天开始奖励)	奖励结束时间（时间单位天，及即开服第几天结束奖励）	称号ID	金币	绑定元宝	声望	奖励描述
1	少林大弟子	11	1	1	1	9999	8	0	100	0	3257
2	少林二弟子	11	2	2	1	9999	9	0	60	0	3258
3	少林三弟子	11	3	3	1	9999	10	0	30	0	3259
4	少林弟子排行上榜	11	4	20	1	9999	11	0	0	0	3196
5	天山大弟子	12	1	1	1	9999	12	0	100	0	3257
6	天山二弟子	12	2	2	1	9999	13	0	60	0	3258
7	天山三弟子	12	3	3	1	9999	14	0	30	0	3259
8	天山弟子排行上榜	12	4	20	1	9999	15	0	0	0	3196
9	大理大弟子	13	1	1	1	9999	16	0	100	0	3257
10	大理二弟子	13	2	2	1	9999	17	0	60	0	3258
11	大理三弟子	13	3	3	1	9999	18	0	30	0	3259
12	大理弟子排行上榜	13	4	20	1	9999	19	0	0	0	3196
13	逍遥大弟子	14	1	1	1	9999	20	0	100	0	3257
14	逍遥二弟子	14	2	2	1	9999	21	0	60	0	3258
15	逍遥三弟子	14	3	3	1	9999	22	0	30	0	3259
16	逍遥弟子排行上榜	14	4	20	1	9999	23	0	0	0	3196
17	战力榜1持续声望	7	1	1	1	9999	42	0	0	250	3196
18	战力榜2持续声望	7	2	2	1	9999	43	0	0	240	3196
19	战力榜3持续声望	7	3	3	1	9999	44	0	0	230	3196
20	战力榜4持续声望	7	4	4	1	9999	45	0	0	220	3196
21	战力榜5持续声望	7	5	5	1	9999	45	0	0	210	3196
22	战力榜6持续声望	7	6	6	1	9999	45	0	0	200	3196
23	战力榜7持续声望	7	7	7	1	9999	45	0	0	190	3196
24	战力榜8持续声望	7	8	8	1	9999	45	0	0	180	3196
25	战力榜9持续声望	7	9	9	1	9999	45	0	0	170	3196
26	战力榜10持续声望	7	10	10	1	9999	45	0	0	160	3196
27	战力榜11持续声望	7	11	11	1	9999	45	0	0	150	3196
28	战力榜12持续声望	7	12	12	1	9999	45	0	0	140	3196
29	战力榜13持续声望	7	13	13	1	9999	45	0	0	130	3196
30	战力榜14持续声望	7	14	14	1	9999	45	0	0	120	3196
31	战力榜15持续声望	7	15	15	1	9999	45	0	0	110	3196
32	战力榜16持续声望	7	16	16	1	9999	45	0	0	100	3196
33	战力榜17持续声望	7	17	17	1	9999	45	0	0	90	3196
34	战力榜18持续声望	7	18	18	1	9999	45	0	0	80	3196
35	战力榜19持续声望	7	19	19	1	9999	45	0	0	70	3196
36	战力榜20持续声望	7	20	20	1	9999	45	0	0	60	3196
37	战力榜21至100持续声望	7	21	100	1	9999	46	0	0	0	3196
38	战力榜第一7天元宝	7	1	1	1	7	-1	0	300	0	3253
39	战力榜第二7天元宝	7	2	2	1	7	-1	0	200	0	3254
40	战力榜第三7天元宝	7	3	3	1	7	-1	0	100	0	3255
41	战力榜上榜7天元宝	7	4	100	1	7	-1	0	30	0	3256
42	等级榜第一持续	6	1	1	1	9999	47	0	0	0	3196
43	等级榜第二持续	6	2	2	1	9999	48	0	0	0	3196
44	等级榜第三持续	6	3	3	1	9999	49	0	0	0	3196
45	等级榜前列持续	6	4	20	1	9999	50	0	0	0	3196
46	等级榜上榜持续	6	21	100	1	9999	51	0	0	0	3196
47	等级榜第一7天元宝	6	1	1	1	7	-1	0	300	0	3249
48	等级榜第二7天元宝	6	2	2	1	7	-1	0	200	0	3250
49	等级榜第三7天元宝	6	3	3	1	7	-1	0	100	0	3251
50	等级榜上榜7天元宝	6	4	100	1	7	-1	0	30	0	3252
51	血量榜第一	8	1	1	1	9999	52	0	0	0	3196
52	血量榜第二	8	2	2	1	9999	53	0	0	0	3196
53	血量榜第三	8	3	3	1	9999	54	0	0	0	3196
54	血量榜前列	8	4	20	1	9999	55	0	0	0	3196
55	血量榜上榜	8	21	100	1	9999	56	0	0	0	3196
56	攻击榜第一	18	1	1	1	9999	57	0	0	0	3196
57	攻击榜第二	18	2	2	1	9999	58	0	0	0	3196
58	攻击榜第三	18	3	3	1	9999	59	0	0	0	3196
59	攻击榜前列	18	4	20	1	9999	60	0	0	0	3196
60	攻击榜上榜	18	21	100	1	9999	61	0	0	0	3196
61	金币榜第一	15	1	1	1	9999	62	0	0	0	3196
62	金币榜第二	15	2	2	1	9999	63	0	0	0	3196
63	金币榜第三	15	3	3	1	9999	64	0	0	0	3196
64	金币榜前列	15	4	20	1	9999	65	0	0	0	3196
65	金币榜上榜	15	21	100	1	9999	66	0	0	0	3196
66	充值榜第一	-1	1	1	1	9999	67	0	0	0	3196
67	充值榜第二	-1	2	2	1	9999	68	0	0	0	3196
68	充值榜第三	-1	3	3	1	9999	69	0	0	0	3196
69	充值榜前列	-1	4	20	1	9999	70	0	0	0	3196
70	充值榜上榜	-1	21	100	1	9999	71	0	0	0	3196
71	消费榜第一	17	1	1	1	9999	72	0	0	0	3196
72	消费榜第二	17	2	2	1	9999	73	0	0	0	3196
73	消费榜第三	17	3	3	1	9999	74	0	0	0	3196
74	消费榜前列	17	4	20	1	9999	75	0	0	0	3196
75	消费榜上榜	17	21	100	1	9999	76	0	0	0	3196
76	宗师榜第一	16	1	1	1	9999	77	0	0	0	3196
77	宗师榜第二	16	2	2	1	9999	78	0	0	0	3196
78	宗师榜第三	16	3	3	1	9999	79	0	0	0	3196
79	宗师榜前列	16	4	20	1	9999	80	0	0	0	3196
80	宗师榜上榜	16	21	100	1	9999	81	0	0	0	3196
81	活跃榜第一	22	1	1	1	9999	91	0	100	0	3260
82	活跃榜第二	22	2	2	1	9999	92	0	60	0	3261
83	活跃榜第三	22	3	3	1	9999	93	0	30	0	3262
84	活跃榜前列	22	4	20	1	9999	94	0	0	0	3196
85	活跃榜上榜	22	21	100	1	9999	95	0	0	0	3196
