SkillExID	Desc	BaseId	SkillDesc	level	CombatValue	SkillLogic	LogicParam01	LogicParam02	LogicParam03	LogicParam04	RefixThreat	Radius	CDTimeId	SkillDelayTime	SkillContinueTime	YinChangTime	DelType_01	DelNum_01	DelType_02	DelNum_02	GainsType_01	GainsNum_01	GainsType_02	GainsNum_02	NextSkillId	Impact_01	Impact_2	Impact_03	Impact_04	Impact_05	Impact_06	SatrtMotionId	EndMotionId	CameraRockId	CameraRockRate	SceneEffectId	BulletEffectID_01	BulletEffectID_02	BulletEffectID_03	RangeEffectType	RangeEffectTarType	RangeEffectSize01	RangeEffectSize02
INT	STRING	INT	STRING	INT	INT	INT	INT	INT	INT	INT	INT	FLOAT	INT	INT	INT	INT	INT	INT	INT	INT	INT	INT	INT	INT	INT	INT	INT	INT	INT	INT	INT	INT	INT	INT	INT	INT	INT	INT	INT	INT	INT	INT	INT
#MAX_ID=99999;MAX_RECORD=500;TableType=Hash;																																											
#程序不读 ID	描述	对应SkillBaseId	技能描述	技能等级	战斗力评分	技能逻辑ID	逻辑参数1	逻辑参数2	逻辑参数3	逻辑参数4	仇恨值修正	范围半径	CDTimeId	技能延迟生效时间（毫秒）	技能持续时间（毫秒）	吟唱时间(单位:毫秒)	消耗1类型（101 血值 102 血百分比 201蓝值 202蓝百分比 301战意值 302战意百分比 401金币）	消耗1数值	消耗2类型（101 血值 102 血百分比 201蓝值 202蓝百分比 301战意值 302战意百分比 401金币）	消耗2数值	收益1类型（101 血值 102 血百分比 201蓝值 202蓝百分比 301战意值 302战意百分比）	收益1数值	收益2类型（101 血值 102 血百分比 201蓝值 202蓝百分比 301战意值 302战意百分比）	收益2数值	下一个技能	效果1ID	效果2ID	效果3ID	效果4ID	效果5ID	效果6ID	起始动作ID	终止动作ID	震屏ID	震屏权重	技能全屏特效ID	子弹1特效ID	子弹2特效ID	子弹3特效ID	范围特效类型（-1 无需求 0 环形 1圆形 2矩形 3箭头）	范围特效的目标类型（-1 无需求 0自身 1目标对象）	范围特效大小1(圆的半径 环的外圆半径 矩形的长 箭头的朝向（180表示正前方） )	范围特效大小2（矩形的宽）
10000	怪物普攻	100	怪物普攻	1	0	0	-1	-1	-1	-1	0	2	0	0	1000	0	-1	0	-1	0	-1	0	-1	0	-1	7001	-1	-1	-1	-1	-1	9	9	-1	0	-1	-1	-1	-1	-1	-1	-1	-1
10001	蛤蟆普攻	1	蛤蟆普攻	1	0	0	-1	-1	-1	-1	0	2	0	0	1233	0	-1	0	-1	0	-1	0	-1	0	-1	7002	-1	-1	-1	-1	-1	9	9	-1	0	-1	-1	-1	-1	-1	-1	-1	-1
10002	麻痹	2	蛤蟆麻痹带伤害	1	0	0	-1	-1	-1	-1	0	2	46	0	1233	0	-1	0	-1	0	-1	0	-1	0	-1	7002	87001	-1	-1	-1	-1	88	88	-1	0	-1	-1	-1	-1	-1	-1	-1	-1
10003	怪物远程普攻	100	怪物远程普攻	1	0	0	-1	-1	-1	-1	0	10	0	0	1000	0	-1	0	-1	0	-1	0	-1	0	-1	7001	-1	-1	-1	-1	-1	9	9	-1	0	-1	-1	-1	-1	-1	-1	-1	-1
10004	燕子坞分身	904	特殊普攻	1	0	0	-1	-1	-1	-1	0	2	0	0	1000	0	-1	0	-1	0	-1	0	-1	0	-1	7001	-1	-1	-1	-1	-1	9	9	-1	0	-1	-1	-1	-1	-1	-1	-1	-1
10005	雁门关BOSS	905	斗转星移	1	0	0	-1	-1	-1	-1	0	20	102	0	2400	0	-1	0	-1	0	-1	0	-1	0	-1	7020	187002	7021	7022	-1	-1	139	139	16	100	-1	-1	-1	-1	-1	-1	-1	-1
10006	雁门关BOSS-普攻	100	怪物普攻	1	0	0	-1	-1	-1	-1	0	2	0	0	1000	0	-1	0	-1	0	-1	0	-1	0	-1	7001	-1	-1	-1	-1	-1	140	140	-1	0	-1	-1	-1	-1	-1	-1	-1	-1
10007	泰山压顶	3	藏经阁BOSS晕眩技能	1	0	0	-1	-1	-1	-1	0	5	128	0	1000	0	-1	0	-1	0	-1	0	-1	0	-1	87004	-1	-1	-1	-1	-1	164	164	-1	0	-1	-1	-1	-1	-1	-1	-1	-1
10101	少林普攻	101	攻击单个近身敌人，每秒造成[a2ff00]100%[-]外功攻击伤害。自动连续攻击。	1	0	2	-1	-1	-1	-1	0	2	1	0	1933	0	-1	0	-1	0	301	1	-1	0	10101	101101	-1	-1	-1	-1	-1	2	4	2	100	-1	-1	-1	-1	-1	-1	-1	-1
10201	金刚伏魔	102	以易筋经激发的少林绝技。嘲讽全屏范围内所有敌人，挥舞武器击地，造成等同于其生命上限的伤害。对BOSS和玩家无效。	1	0	8	-1	-1	-1	-1	0	10	15	0	3134	0	302	100	-1	0	-1	0	-1	0	-1	21201	21202	-1	-1	-1	-1	7	8	1	100	44	-1	-1	-1	-1	-1	-1	-1
10301	罗汉棍	103	达摩祖师所创棍法，刚猛无敌。攻击单个近身敌人，立即造成[a2ff00]200%[-]外功攻击伤害。	1	730	0	-1	-1	-1	-1	0	2	2	0	1500	0	201	10	-1	0	301	5	-1	0	10101	1501	-1	-1	-1	-1	-1	5	5	3	100	-1	-1	-1	-1	-1	-1	-1	-1
10302	罗汉棍	103	达摩祖师所创棍法，刚猛无敌。攻击单个近身敌人，立即造成[a2ff00]210%[-]外功攻击伤害。	2	890	0	-1	-1	-1	-1	0	2	2	0	1500	0	201	20	-1	0	301	5	-1	0	10101	1502	-1	-1	-1	-1	-1	5	5	3	100	-1	-1	-1	-1	-1	-1	-1	-1
10303	罗汉棍	103	达摩祖师所创棍法，刚猛无敌。攻击单个近身敌人，立即造成[a2ff00]220%[-]外功攻击伤害。	3	1050	0	-1	-1	-1	-1	0	2	2	0	1500	0	201	30	-1	0	301	5	-1	0	10101	1503	-1	-1	-1	-1	-1	5	5	3	100	-1	-1	-1	-1	-1	-1	-1	-1
10304	罗汉棍	103	达摩祖师所创棍法，刚猛无敌。攻击单个近身敌人，立即造成[a2ff00]230%[-]外功攻击伤害。	4	1220	0	-1	-1	-1	-1	0	2	2	0	1500	0	201	40	-1	0	301	5	-1	0	10101	1504	-1	-1	-1	-1	-1	5	5	3	100	-1	-1	-1	-1	-1	-1	-1	-1
10305	罗汉棍	103	达摩祖师所创棍法，刚猛无敌。攻击单个近身敌人，立即造成[a2ff00]240%[-]外功攻击伤害。	5	1380	0	-1	-1	-1	-1	0	2	2	0	1500	0	201	70	-1	0	301	5	-1	0	10101	1505	-1	-1	-1	-1	-1	5	5	3	100	-1	-1	-1	-1	-1	-1	-1	-1
10306	罗汉棍	103	达摩祖师所创棍法，刚猛无敌。攻击单个近身敌人，立即造成[a2ff00]250%[-]外功攻击伤害。	6	1540	0	-1	-1	-1	-1	0	2	2	0	1500	0	201	110	-1	0	301	5	-1	0	10101	1506	-1	-1	-1	-1	-1	5	5	3	100	-1	-1	-1	-1	-1	-1	-1	-1
10307	罗汉棍	103	达摩祖师所创棍法，刚猛无敌。攻击单个近身敌人，立即造成[a2ff00]270%[-]外功攻击伤害。	7	1700	0	-1	-1	-1	-1	0	2	2	0	1500	0	201	140	-1	0	301	5	-1	0	10101	1507	-1	-1	-1	-1	-1	5	5	3	100	-1	-1	-1	-1	-1	-1	-1	-1
10308	罗汉棍	103	达摩祖师所创棍法，刚猛无敌。攻击单个近身敌人，立即造成[a2ff00]290%[-]外功攻击伤害。	8	1870	0	-1	-1	-1	-1	0	2	2	0	1500	0	201	180	-1	0	301	5	-1	0	10101	1508	-1	-1	-1	-1	-1	5	5	3	100	-1	-1	-1	-1	-1	-1	-1	-1
10309	罗汉棍	103	达摩祖师所创棍法，刚猛无敌。攻击单个近身敌人，立即造成[a2ff00]310%[-]外功攻击伤害。	9	2030	0	-1	-1	-1	-1	0	2	2	0	1500	0	201	270	-1	0	301	5	-1	0	10101	1509	-1	-1	-1	-1	-1	5	5	3	100	-1	-1	-1	-1	-1	-1	-1	-1
10310	罗汉棍	103	达摩祖师所创棍法，刚猛无敌。攻击单个近身敌人，立即造成[a2ff00]330%[-]外功攻击伤害。	10	2190	0	-1	-1	-1	-1	0	2	2	0	1500	0	201	390	-1	0	301	5	-1	0	10101	1510	-1	-1	-1	-1	-1	5	5	3	100	-1	-1	-1	-1	-1	-1	-1	-1
10401	摩诃无量	104	少林七十二绝技之一，瞬间缩短和敌手的距离。像旋风一样挥舞武器，攻击以自身为中心半径[a2ff00]4[-]步范围内的所有敌人，对每个目标造成每秒[a2ff00]217%[-]的外功攻击伤害，持续[a2ff00]3.9[-]秒。	1	1650	8	-1	-1	-1	-1	0	4	4	0	3900	0	201	50	-1	0	301	15	-1	0	10101	31401	-1	-1	-1	-1	-1	6	6	-1	0	-1	-1	-1	-1	-1	-1	-1	-1
10402	摩诃无量	104	少林七十二绝技之一，瞬间缩短和敌手的距离。像旋风一样挥舞武器，攻击以自身为中心半径[a2ff00]4[-]步范围内的所有敌人，对每个目标造成每秒[a2ff00]233%[-]的外功攻击伤害，持续[a2ff00]3.9[-]秒。	2	2010	8	-1	-1	-1	-1	0	4	4	0	3900	0	201	80	-1	0	301	15	-1	0	10101	31402	-1	-1	-1	-1	-1	6	6	-1	0	-1	-1	-1	-1	-1	-1	-1	-1
10403	摩诃无量	104	少林七十二绝技之一，瞬间缩短和敌手的距离。像旋风一样挥舞武器，攻击以自身为中心半径[a2ff00]4[-]步范围内的所有敌人，对每个目标造成每秒[a2ff00]250%[-]的外功攻击伤害，持续[a2ff00]3.9[-]秒。	3	2380	8	-1	-1	-1	-1	0	4	4	0	3900	0	201	140	-1	0	301	15	-1	0	10101	31403	-1	-1	-1	-1	-1	6	6	-1	0	-1	-1	-1	-1	-1	-1	-1	-1
10404	摩诃无量	104	少林七十二绝技之一，瞬间缩短和敌手的距离。像旋风一样挥舞武器，攻击以自身为中心半径[a2ff00]4[-]步范围内的所有敌人，对每个目标造成每秒[a2ff00]267%[-]的外功攻击伤害，持续[a2ff00]3.9[-]秒。	4	2740	8	-1	-1	-1	-1	0	4	4	0	3900	0	201	220	-1	0	301	15	-1	0	10101	31404	-1	-1	-1	-1	-1	6	6	-1	0	-1	-1	-1	-1	-1	-1	-1	-1
10405	摩诃无量	104	少林七十二绝技之一，瞬间缩短和敌手的距离。像旋风一样挥舞武器，攻击以自身为中心半径[a2ff00]4[-]步范围内的所有敌人，对每个目标造成每秒[a2ff00]283%[-]的外功攻击伤害，持续[a2ff00]3.9[-]秒。	5	3110	8	-1	-1	-1	-1	0	4	4	0	3900	0	201	350	-1	0	301	15	-1	0	10101	31405	-1	-1	-1	-1	-1	6	6	-1	0	-1	-1	-1	-1	-1	-1	-1	-1
10406	摩诃无量	104	少林七十二绝技之一，瞬间缩短和敌手的距离。像旋风一样挥舞武器，攻击以自身为中心半径[a2ff00]4[-]步范围内的所有敌人，对每个目标造成每秒[a2ff00]300%[-]的外功攻击伤害，持续[a2ff00]3.9[-]秒。	6	3480	8	-1	-1	-1	-1	0	4	4	0	3900	0	201	550	-1	0	301	15	-1	0	10101	31406	-1	-1	-1	-1	-1	6	6	-1	0	-1	-1	-1	-1	-1	-1	-1	-1
10407	摩诃无量	104	少林七十二绝技之一，瞬间缩短和敌手的距离。像旋风一样挥舞武器，攻击以自身为中心半径[a2ff00]4[-]步范围内的所有敌人，对每个目标造成每秒[a2ff00]317%[-]的外功攻击伤害，持续[a2ff00]3.9[-]秒。	7	3840	8	-1	-1	-1	-1	0	4	4	0	3900	0	201	700	-1	0	301	15	-1	0	10101	31407	-1	-1	-1	-1	-1	6	6	-1	0	-1	-1	-1	-1	-1	-1	-1	-1
10408	摩诃无量	104	少林七十二绝技之一，瞬间缩短和敌手的距离。像旋风一样挥舞武器，攻击以自身为中心半径[a2ff00]4[-]步范围内的所有敌人，对每个目标造成每秒[a2ff00]333%[-]的外功攻击伤害，持续[a2ff00]3.9[-]秒。	8	4210	8	-1	-1	-1	-1	0	4	4	0	3900	0	201	920	-1	0	301	15	-1	0	10101	31408	-1	-1	-1	-1	-1	6	6	-1	0	-1	-1	-1	-1	-1	-1	-1	-1
10409	摩诃无量	104	少林七十二绝技之一，瞬间缩短和敌手的距离。像旋风一样挥舞武器，攻击以自身为中心半径[a2ff00]4[-]步范围内的所有敌人，对每个目标造成每秒[a2ff00]350%[-]的外功攻击伤害，持续[a2ff00]3.9[-]秒。	9	4570	8	-1	-1	-1	-1	0	4	4	0	3900	0	201	1370	-1	0	301	15	-1	0	10101	31409	-1	-1	-1	-1	-1	6	6	-1	0	-1	-1	-1	-1	-1	-1	-1	-1
10410	摩诃无量	104	少林七十二绝技之一，瞬间缩短和敌手的距离。像旋风一样挥舞武器，攻击以自身为中心半径[a2ff00]4[-]步范围内的所有敌人，对每个目标造成每秒[a2ff00]367%[-]的外功攻击伤害，持续[a2ff00]3.9[-]秒。	10	4940	8	-1	-1	-1	-1	0	4	4	0	3900	0	201	1930	-1	0	301	15	-1	0	10101	31410	-1	-1	-1	-1	-1	6	6	-1	0	-1	-1	-1	-1	-1	-1	-1	-1
10501	迦叶功	105	少林七十二绝技之一，以一条齐眉棍幻出千万棍影。向单个敌人冲锋并进行凶猛攻击，造成[a2ff00]150%[-]外功攻击伤害。	1	1100	3	4242	2	-1	-1	0	7	3	0	1465	0	201	20	-1	0	301	8	-1	0	10101	1301	-1	-1	-1	-1	-1	51	48	14	100	-1	-1	-1	-1	-1	-1	-1	-1
10502	迦叶功	105	少林七十二绝技之一，以一条齐眉棍幻出千万棍影。向单个敌人冲锋并进行凶猛攻击，造成[a2ff00]170%[-]外功攻击伤害。	2	1340	3	4242	2	-1	-1	0	7	3	0	1465	0	201	30	-1	0	301	8	-1	0	10101	1302	-1	-1	-1	-1	-1	51	48	14	100	-1	-1	-1	-1	-1	-1	-1	-1
10503	迦叶功	105	少林七十二绝技之一，以一条齐眉棍幻出千万棍影。向单个敌人冲锋并进行凶猛攻击，造成[a2ff00]190%[-]外功攻击伤害。	3	1580	3	4242	2	-1	-1	0	7	3	0	1465	0	201	60	-1	0	301	8	-1	0	10101	1303	-1	-1	-1	-1	-1	51	48	14	100	-1	-1	-1	-1	-1	-1	-1	-1
10504	迦叶功	105	少林七十二绝技之一，以一条齐眉棍幻出千万棍影。向单个敌人冲锋并进行凶猛攻击，造成[a2ff00]210%[-]外功攻击伤害。	4	1830	3	4242	2	-1	-1	0	7	3	0	1465	0	201	90	-1	0	301	8	-1	0	10101	1304	-1	-1	-1	-1	-1	51	48	14	100	-1	-1	-1	-1	-1	-1	-1	-1
10505	迦叶功	105	少林七十二绝技之一，以一条齐眉棍幻出千万棍影。向单个敌人冲锋并进行凶猛攻击，造成[a2ff00]230%[-]外功攻击伤害。	5	2070	3	4242	2	-1	-1	0	7	3	0	1465	0	201	140	-1	0	301	8	-1	0	10101	1305	-1	-1	-1	-1	-1	51	48	14	100	-1	-1	-1	-1	-1	-1	-1	-1
10506	迦叶功	105	少林七十二绝技之一，以一条齐眉棍幻出千万棍影。向单个敌人冲锋并进行凶猛攻击，造成[a2ff00]250%[-]外功攻击伤害。	6	2320	3	4242	2	-1	-1	0	7	3	0	1465	0	201	220	-1	0	301	8	-1	0	10101	1306	-1	-1	-1	-1	-1	51	48	14	100	-1	-1	-1	-1	-1	-1	-1	-1
10507	迦叶功	105	少林七十二绝技之一，以一条齐眉棍幻出千万棍影。向单个敌人冲锋并进行凶猛攻击，造成[a2ff00]270%[-]外功攻击伤害。	7	2560	3	4242	2	-1	-1	0	7	3	0	1465	0	201	280	-1	0	301	8	-1	0	10101	1307	-1	-1	-1	-1	-1	51	48	14	100	-1	-1	-1	-1	-1	-1	-1	-1
10508	迦叶功	105	少林七十二绝技之一，以一条齐眉棍幻出千万棍影。向单个敌人冲锋并进行凶猛攻击，造成[a2ff00]290%[-]外功攻击伤害。	8	2800	3	4242	2	-1	-1	0	7	3	0	1465	0	201	370	-1	0	301	8	-1	0	10101	1308	-1	-1	-1	-1	-1	51	48	14	100	-1	-1	-1	-1	-1	-1	-1	-1
10509	迦叶功	105	少林七十二绝技之一，以一条齐眉棍幻出千万棍影。向单个敌人冲锋并进行凶猛攻击，造成[a2ff00]320%[-]外功攻击伤害。	9	3050	3	4242	2	-1	-1	0	7	3	0	1465	0	201	550	-1	0	301	8	-1	0	10101	1309	-1	-1	-1	-1	-1	51	48	14	100	-1	-1	-1	-1	-1	-1	-1	-1
10510	迦叶功	105	少林七十二绝技之一，以一条齐眉棍幻出千万棍影。向单个敌人冲锋并进行凶猛攻击，造成[a2ff00]350%[-]外功攻击伤害。	10	3290	3	4242	2	-1	-1	0	7	3	0	1465	0	201	770	-1	0	301	8	-1	0	10101	1310	-1	-1	-1	-1	-1	51	48	14	100	-1	-1	-1	-1	-1	-1	-1	-1
10601	韦陀杵	106	少林七十二绝技之一，与大力金刚掌齐名，以浑厚内力重创敌人。重击地面，使[a2ff00]4[-]步范围内所有敌人防御降低[a2ff00]10%[-]，并晕眩，持续[a2ff00]2.5[-]秒。	1	2010	0	-1	-1	-1	-1	0	4	34	0	1233	0	201	20	-1	0	301	10	-1	0	10101	81602	41601	-1	-1	-1	-1	70	70	8	100	-1	-1	-1	-1	-1	-1	-1	-1
10602	韦陀杵	106	少林七十二绝技之一，与大力金刚掌齐名，以浑厚内力重创敌人。重击地面，使[a2ff00]4[-]步范围内所有敌人防御降低[a2ff00]12%[-]，并晕眩，持续[a2ff00]2.5[-]秒。	2	2460	0	-1	-1	-1	-1	0	4	34	0	1233	0	201	30	-1	0	301	10	-1	0	10101	81603	41602	-1	-1	-1	-1	70	70	8	100	-1	-1	-1	-1	-1	-1	-1	-1
10603	韦陀杵	106	少林七十二绝技之一，与大力金刚掌齐名，以浑厚内力重创敌人。重击地面，使[a2ff00]4[-]步范围内所有敌人防御降低[a2ff00]15%[-]，并晕眩，持续[a2ff00]2.5[-]秒。	3	2900	0	-1	-1	-1	-1	0	4	34	0	1233	0	201	40	-1	0	301	10	-1	0	10101	81604	41603	-1	-1	-1	-1	70	70	8	100	-1	-1	-1	-1	-1	-1	-1	-1
10604	韦陀杵	106	少林七十二绝技之一，与大力金刚掌齐名，以浑厚内力重创敌人。重击地面，使[a2ff00]4[-]步范围内所有敌人防御降低[a2ff00]18%[-]，并晕眩，持续[a2ff00]2.5[-]秒。	4	3350	0	-1	-1	-1	-1	0	4	34	0	1233	0	201	60	-1	0	301	10	-1	0	10101	81605	41604	-1	-1	-1	-1	70	70	8	100	-1	-1	-1	-1	-1	-1	-1	-1
10605	韦陀杵	106	少林七十二绝技之一，与大力金刚掌齐名，以浑厚内力重创敌人。重击地面，使[a2ff00]4[-]步范围内所有敌人防御降低[a2ff00]18%[-]，并晕眩，持续[a2ff00]3[-]秒。	5	3800	0	-1	-1	-1	-1	0	4	34	0	1233	0	201	100	-1	0	301	10	-1	0	10101	81606	41605	-1	-1	-1	-1	70	70	8	100	-1	-1	-1	-1	-1	-1	-1	-1
10606	韦陀杵	106	少林七十二绝技之一，与大力金刚掌齐名，以浑厚内力重创敌人。重击地面，使[a2ff00]4[-]步范围内所有敌人防御降低[a2ff00]21%[-]，并晕眩，持续[a2ff00]3[-]秒。	6	4240	0	-1	-1	-1	-1	0	4	34	0	1233	0	201	160	-1	0	301	10	-1	0	10101	81607	41606	-1	-1	-1	-1	70	70	8	100	-1	-1	-1	-1	-1	-1	-1	-1
10607	韦陀杵	106	少林七十二绝技之一，与大力金刚掌齐名，以浑厚内力重创敌人。重击地面，使[a2ff00]4[-]步范围内所有敌人防御降低[a2ff00]24%[-]，并晕眩，持续[a2ff00]3[-]秒。	7	4690	0	-1	-1	-1	-1	0	4	34	0	1233	0	201	210	-1	0	301	10	-1	0	10101	81608	41607	-1	-1	-1	-1	70	70	8	100	-1	-1	-1	-1	-1	-1	-1	-1
10608	韦陀杵	106	少林七十二绝技之一，与大力金刚掌齐名，以浑厚内力重创敌人。重击地面，使[a2ff00]4[-]步范围内所有敌人防御降低[a2ff00]27%[-]，并晕眩，持续[a2ff00]3[-]秒。	8	5140	0	-1	-1	-1	-1	0	4	34	0	1233	0	201	280	-1	0	301	10	-1	0	10101	81609	41608	-1	-1	-1	-1	70	70	8	100	-1	-1	-1	-1	-1	-1	-1	-1
10609	韦陀杵	106	少林七十二绝技之一，与大力金刚掌齐名，以浑厚内力重创敌人。重击地面，使[a2ff00]4[-]步范围内所有敌人防御降低[a2ff00]27%[-]，并晕眩，持续[a2ff00]3.5[-]秒。	9	5580	0	-1	-1	-1	-1	0	4	34	0	1233	0	201	410	-1	0	301	10	-1	0	10101	81610	41609	-1	-1	-1	-1	70	70	8	100	-1	-1	-1	-1	-1	-1	-1	-1
10610	韦陀杵	106	少林七十二绝技之一，与大力金刚掌齐名，以浑厚内力重创敌人。重击地面，使[a2ff00]4[-]步范围内所有敌人防御降低[a2ff00]30%[-]，并晕眩，持续[a2ff00]3.5[-]秒。	10	6030	0	-1	-1	-1	-1	0	4	34	0	1233	0	201	580	-1	0	301	10	-1	0	10101	81611	41610	-1	-1	-1	-1	70	70	8	100	-1	-1	-1	-1	-1	-1	-1	-1
10701	金钟罩	107	少林七十二绝技之一，以纯阳内力御敌，如金钟护体。降低自身所受到的伤害[a2ff00]20%[-]，持续[a2ff00]10[-]秒。	1	2190	0	-1	-1	-1	-1	0	1	36	0	1533	0	201	20	-1	0	301	3	-1	0	-1	11801	-1	-1	-1	-1	-1	72	72	-1	-1	-1	-1	-1	-1	-1	-1	-1	-1
10702	金钟罩	107	少林七十二绝技之一，以纯阳内力御敌，如金钟护体。降低自身所受到的伤害[a2ff00]21%[-]，持续[a2ff00]10[-]秒。	2	2680	0	-1	-1	-1	-1	0	1	36	0	1533	0	201	30	-1	0	301	3	-1	0	-1	11802	-1	-1	-1	-1	-1	72	72	-1	-1	-1	-1	-1	-1	-1	-1	-1	-1
10703	金钟罩	107	少林七十二绝技之一，以纯阳内力御敌，如金钟护体。降低自身所受到的伤害[a2ff00]22%[-]，持续[a2ff00]10[-]秒。	3	3170	0	-1	-1	-1	-1	0	1	36	0	1533	0	201	60	-1	0	301	3	-1	0	-1	11803	-1	-1	-1	-1	-1	72	72	-1	-1	-1	-1	-1	-1	-1	-1	-1	-1
10704	金钟罩	107	少林七十二绝技之一，以纯阳内力御敌，如金钟护体。降低自身所受到的伤害[a2ff00]23%[-]，持续[a2ff00]10[-]秒。	4	3660	0	-1	-1	-1	-1	0	1	36	0	1533	0	201	90	-1	0	301	3	-1	0	-1	11804	-1	-1	-1	-1	-1	72	72	-1	-1	-1	-1	-1	-1	-1	-1	-1	-1
10705	金钟罩	107	少林七十二绝技之一，以纯阳内力御敌，如金钟护体。降低自身所受到的伤害[a2ff00]24%[-]，持续[a2ff00]10[-]秒。	5	4140	0	-1	-1	-1	-1	0	1	36	0	1533	0	201	140	-1	0	301	3	-1	0	-1	11805	-1	-1	-1	-1	-1	72	72	-1	-1	-1	-1	-1	-1	-1	-1	-1	-1
10706	金钟罩	107	少林七十二绝技之一，以纯阳内力御敌，如金钟护体。降低自身所受到的伤害[a2ff00]26%[-]，持续[a2ff00]10[-]秒。	6	4630	0	-1	-1	-1	-1	0	1	36	0	1533	0	201	220	-1	0	301	3	-1	0	-1	11806	-1	-1	-1	-1	-1	72	72	-1	-1	-1	-1	-1	-1	-1	-1	-1	-1
10707	金钟罩	107	少林七十二绝技之一，以纯阳内力御敌，如金钟护体。降低自身所受到的伤害[a2ff00]28%[-]，持续[a2ff00]10[-]秒。	7	5120	0	-1	-1	-1	-1	0	1	36	0	1533	0	201	280	-1	0	301	3	-1	0	-1	11807	-1	-1	-1	-1	-1	72	72	-1	-1	-1	-1	-1	-1	-1	-1	-1	-1
10708	金钟罩	107	少林七十二绝技之一，以纯阳内力御敌，如金钟护体。反弹自身所受到的伤害[a2ff00]20%[-]，持续[a2ff00]10[-]秒。	8	5610	0	-1	-1	-1	-1	0	1	36	0	1533	0	201	370	-1	0	301	3	-1	0	-1	151808	-1	-1	-1	-1	-1	72	72	-1	-1	-1	-1	-1	-1	-1	-1	-1	-1
10709	金钟罩	107	少林七十二绝技之一，以纯阳内力御敌，如金钟护体。反弹自身所受到的伤害[a2ff00]21%[-]，持续[a2ff00]10[-]秒。	9	6090	0	-1	-1	-1	-1	0	1	36	0	1533	0	201	550	-1	0	301	3	-1	0	-1	151809	-1	-1	-1	-1	-1	72	72	-1	-1	-1	-1	-1	-1	-1	-1	-1	-1
10710	金钟罩	107	少林七十二绝技之一，以纯阳内力御敌，如金钟护体。反弹自身所受到的伤害[a2ff00]22%[-]，持续[a2ff00]10[-]秒。	10	6580	0	-1	-1	-1	-1	0	1	36	0	1533	0	201	770	-1	0	301	3	-1	0	-1	151810	-1	-1	-1	-1	-1	72	72	-1	-1	-1	-1	-1	-1	-1	-1	-1	-1
10801	狮吼功	108	少林七十二绝技之一，以丹田之气发出狮吼震慑敌人胆魄。嘲讽附近[a2ff00]8[-]步范围内的所有敌人，持续[a2ff00]5[-]秒；并使其伤害降低[a2ff00]10%[-]，持续[a2ff00]5[-]秒。使你和附近[a2ff00]8[-]步范围内所有队友攻击提升[a2ff00]15%[-]，持续[a2ff00]10[-]秒。	1	3660	8	-1	-1	-1	-1	0	10	35	0	1500	0	201	40	-1	0	301	12	-1	0	-1	21701	21702	21703	21704	-1	-1	71	71	9	100	-1	-1	-1	-1	-1	-1	-1	-1
10802	狮吼功	108	少林七十二绝技之一，以丹田之气发出狮吼震慑敌人胆魄。嘲讽附近[a2ff00]8[-]步范围内的所有敌人，持续[a2ff00]5[-]秒；并使其伤害降低[a2ff00]10%[-]，持续[a2ff00]5[-]秒。使你和附近[a2ff00]8[-]步范围内所有队友攻击提升[a2ff00]16%[-]，持续[a2ff00]10[-]秒。	2	4470	8	-1	-1	-1	-1	0	10	35	0	1500	0	201	60	-1	0	301	12	-1	0	-1	21705	21706	21707	21708	-1	-1	71	71	9	100	-1	-1	-1	-1	-1	-1	-1	-1
10803	狮吼功	108	少林七十二绝技之一，以丹田之气发出狮吼震慑敌人胆魄。嘲讽附近[a2ff00]8[-]步范围内的所有敌人，持续[a2ff00]5[-]秒；并使其伤害降低[a2ff00]10%[-]，持续[a2ff00]5[-]秒。使你和附近[a2ff00]8[-]步范围内所有队友攻击提升[a2ff00]17%[-]，持续[a2ff00]10[-]秒。	3	5280	8	-1	-1	-1	-1	0	10	35	0	1500	0	201	100	-1	0	301	12	-1	0	-1	21709	21710	21711	21712	-1	-1	71	71	9	100	-1	-1	-1	-1	-1	-1	-1	-1
10804	狮吼功	108	少林七十二绝技之一，以丹田之气发出狮吼震慑敌人胆魄。嘲讽附近[a2ff00]8[-]步范围内的所有敌人，持续[a2ff00]5[-]秒；并使其伤害降低[a2ff00]10%[-]，持续[a2ff00]5[-]秒。使你和附近[a2ff00]8[-]步范围内所有队友攻击提升[a2ff00]18%[-]，持续[a2ff00]10[-]秒。	4	6090	8	-1	-1	-1	-1	0	10	35	0	1500	0	201	150	-1	0	301	12	-1	0	-1	21713	21714	21715	21716	-1	-1	71	71	9	100	-1	-1	-1	-1	-1	-1	-1	-1
10805	狮吼功	108	少林七十二绝技之一，以丹田之气发出狮吼震慑敌人胆魄。嘲讽附近[a2ff00]8[-]步范围内的所有敌人，持续[a2ff00]5[-]秒；并使其伤害降低[a2ff00]10%[-]，持续[a2ff00]5[-]秒。使你和附近[a2ff00]8[-]步范围内所有队友攻击提升[a2ff00]20%[-]，持续[a2ff00]10[-]秒。	5	6910	8	-1	-1	-1	-1	0	10	35	0	1500	0	201	240	-1	0	301	12	-1	0	-1	21717	21718	21719	21720	-1	-1	71	71	9	100	-1	-1	-1	-1	-1	-1	-1	-1
10806	狮吼功	108	少林七十二绝技之一，以丹田之气发出狮吼震慑敌人胆魄。嘲讽附近[a2ff00]8[-]步范围内的所有敌人，持续[a2ff00]5[-]秒；并使其伤害降低[a2ff00]11%[-]，持续[a2ff00]5[-]秒。使你和附近[a2ff00]8[-]步范围内所有队友攻击提升[a2ff00]20%[-]，持续[a2ff00]10[-]秒。	6	7720	8	-1	-1	-1	-1	0	10	35	0	1500	0	201	380	-1	0	301	12	-1	0	-1	21721	21722	21723	21724	-1	-1	71	71	9	100	-1	-1	-1	-1	-1	-1	-1	-1
10807	狮吼功	108	少林七十二绝技之一，以丹田之气发出狮吼震慑敌人胆魄。嘲讽附近[a2ff00]8[-]步范围内的所有敌人，持续[a2ff00]5[-]秒；并使其伤害降低[a2ff00]12%[-]，持续[a2ff00]6[-]秒。使你和附近[a2ff00]8[-]步范围内所有队友攻击提升[a2ff00]20%[-]，持续[a2ff00]10[-]秒。	7	8530	8	-1	-1	-1	-1	0	10	35	0	1500	0	201	490	-1	0	301	12	-1	0	-1	21725	21726	21727	21728	-1	-1	71	71	9	100	-1	-1	-1	-1	-1	-1	-1	-1
10808	狮吼功	108	少林七十二绝技之一，以丹田之气发出狮吼震慑敌人胆魄。嘲讽附近[a2ff00]8[-]步范围内的所有敌人，持续[a2ff00]5[-]秒；并使其伤害降低[a2ff00]13%[-]，持续[a2ff00]7[-]秒。使你和附近[a2ff00]8[-]步范围内所有队友攻击提升[a2ff00]20%[-]，持续[a2ff00]10[-]秒。	8	9340	8	-1	-1	-1	-1	0	10	35	0	1500	0	201	640	-1	0	301	12	-1	0	-1	21729	21730	21731	21732	-1	-1	71	71	9	100	-1	-1	-1	-1	-1	-1	-1	-1
10809	狮吼功	108	少林七十二绝技之一，以丹田之气发出狮吼震慑敌人胆魄。嘲讽附近[a2ff00]8[-]步范围内的所有敌人，持续[a2ff00]5[-]秒；并使其伤害降低[a2ff00]14%[-]，持续[a2ff00]8[-]秒。使你和附近[a2ff00]8[-]步范围内所有队友攻击提升[a2ff00]20%[-]，持续[a2ff00]10[-]秒。	9	10160	8	-1	-1	-1	-1	0	10	35	0	1500	0	201	960	-1	0	301	12	-1	0	-1	21733	21734	21735	21736	-1	-1	71	71	9	100	-1	-1	-1	-1	-1	-1	-1	-1
10810	狮吼功	108	少林七十二绝技之一，以丹田之气发出狮吼震慑敌人胆魄。嘲讽附近[a2ff00]8[-]步范围内的所有敌人，持续[a2ff00]5[-]秒；并使其伤害降低[a2ff00]15%[-]，持续[a2ff00]9[-]秒。使你和附近[a2ff00]8[-]步范围内所有队友攻击提升[a2ff00]20%[-]，持续[a2ff00]10[-]秒。	10	10970	8	-1	-1	-1	-1	0	10	35	0	1500	0	201	1350	-1	0	301	12	-1	0	-1	21737	21738	21739	21740	-1	-1	71	71	9	100	-1	-1	-1	-1	-1	-1	-1	-1
20101	天山普攻	201	攻击单个近身敌人，每秒造成[a2ff00]100%[-]外功攻击伤害。自动连续攻击。	1	0	2	-1	-1	-1	-1	0	2	1	0	1933	0	-1	0	-1	0	301	1	-1	0	20101	102101	-1	-1	-1	-1	-1	31	33	11	100	-1	-1	-1	-1	-1	-1	-1	-1
20201	八荒六合唯我独尊	202	天山童姥毕生所练神功，也称天长地久不老长春功。嘲讽全屏范围内所有敌人，驱使一排利剑击杀之，造成等同于其生命上限的伤害。对BOSS和玩家无效。	1	0	8	-1	-1	-1	-1	0	10	15	0	3233	0	302	100	-1	0	-1	0	-1	0	-1	22201	22202	-1	-1	-1	-1	34	36	5	100	46	-1	-1	-1	-1	-1	-1	-1
20301	阳歌天钧	203	天山派三大杀招之一，凌厉无比。连续快速攻击单个敌人，对其造成[a2ff00]200%[-]的外功攻击伤害。	1	730	0	-1	-1	-1	-1	0	2	5	0	1833	0	201	10	-1	0	301	5	-1	0	20101	2301	2302	2303	2304	2305	2306	37	37	-1	0	-1	-1	-1	-1	-1	-1	-1	-1
20302	阳歌天钧	203	天山派三大杀招之一，凌厉无比。连续快速攻击单个敌人，对其造成[a2ff00]210%[-]的外功攻击伤害。	2	890	0	-1	-1	-1	-1	0	2	5	0	1833	0	201	20	-1	0	301	5	-1	0	20101	2307	2308	2309	2310	2311	2312	37	37	-1	0	-1	-1	-1	-1	-1	-1	-1	-1
20303	阳歌天钧	203	天山派三大杀招之一，凌厉无比。连续快速攻击单个敌人，对其造成[a2ff00]220%[-]的外功攻击伤害。	3	1050	0	-1	-1	-1	-1	0	2	5	0	1833	0	201	30	-1	0	301	5	-1	0	20101	2313	2314	2315	2316	2317	2318	37	37	-1	0	-1	-1	-1	-1	-1	-1	-1	-1
20304	阳歌天钧	203	天山派三大杀招之一，凌厉无比。连续快速攻击单个敌人，对其造成[a2ff00]230%[-]的外功攻击伤害。	4	1220	0	-1	-1	-1	-1	0	2	5	0	1833	0	201	40	-1	0	301	5	-1	0	20101	2319	2320	2321	2322	2323	2324	37	37	-1	0	-1	-1	-1	-1	-1	-1	-1	-1
20305	阳歌天钧	203	天山派三大杀招之一，凌厉无比。连续快速攻击单个敌人，对其造成[a2ff00]240%[-]的外功攻击伤害。	5	1380	0	-1	-1	-1	-1	0	2	5	0	1833	0	201	70	-1	0	301	5	-1	0	20101	2325	2326	2327	2328	2329	2330	37	37	-1	0	-1	-1	-1	-1	-1	-1	-1	-1
20306	阳歌天钧	203	天山派三大杀招之一，凌厉无比。连续快速攻击单个敌人，对其造成[a2ff00]250%[-]的外功攻击伤害。	6	1540	0	-1	-1	-1	-1	0	2	5	0	1833	0	201	110	-1	0	301	5	-1	0	20101	2331	2332	2333	2334	2335	2336	37	37	-1	0	-1	-1	-1	-1	-1	-1	-1	-1
20307	阳歌天钧	203	天山派三大杀招之一，凌厉无比。连续快速攻击单个敌人，对其造成[a2ff00]270%[-]的外功攻击伤害。	7	1700	0	-1	-1	-1	-1	0	2	5	0	1833	0	201	140	-1	0	301	5	-1	0	20101	2337	2338	2339	2340	2341	2342	37	37	-1	0	-1	-1	-1	-1	-1	-1	-1	-1
20308	阳歌天钧	203	天山派三大杀招之一，凌厉无比。连续快速攻击单个敌人，对其造成[a2ff00]290%[-]的外功攻击伤害。	8	1870	0	-1	-1	-1	-1	0	2	5	0	1833	0	201	180	-1	0	301	5	-1	0	20101	2343	2344	2345	2346	2347	2348	37	37	-1	0	-1	-1	-1	-1	-1	-1	-1	-1
20309	阳歌天钧	203	天山派三大杀招之一，凌厉无比。连续快速攻击单个敌人，对其造成[a2ff00]310%[-]的外功攻击伤害。	9	2030	0	-1	-1	-1	-1	0	2	5	0	1833	0	201	270	-1	0	301	5	-1	0	20101	2349	2350	2351	2352	2353	2354	37	37	-1	0	-1	-1	-1	-1	-1	-1	-1	-1
20310	阳歌天钧	203	天山派三大杀招之一，凌厉无比。连续快速攻击单个敌人，对其造成[a2ff00]330%[-]的外功攻击伤害。	10	2190	0	-1	-1	-1	-1	0	2	5	0	1833	0	201	390	-1	0	301	5	-1	0	20101	2355	2356	2357	2358	2359	2360	37	37	-1	0	-1	-1	-1	-1	-1	-1	-1	-1
20401	阳关三叠	204	天山派三大杀招之一，迅疾难防。在敌群中穿梭攻击[a2ff00]6[-]次，每击造成[a2ff00]135%[-]的外功攻击伤害。并使[a2ff00]4[-]秒内闪避值提高[a2ff00]50%[-]。	1	1650	7	10	42401	-1	-1	0	7	7	0	3867	0	201	50	-1	0	301	15	-1	0	20101	2401	2402	2403	2404	2405	2406	39	39	-1	0	-1	-1	-1	-1	-1	-1	-1	-1
20402	阳关三叠	204	天山派三大杀招之一，迅疾难防。在敌群中穿梭攻击[a2ff00]6[-]次，每击造成[a2ff00]143%[-]的外功攻击伤害。并使[a2ff00]4[-]秒内闪避值提高[a2ff00]50%[-]。	2	2010	7	10	42402	-1	-1	0	7	7	0	3867	0	201	80	-1	0	301	15	-1	0	20101	2407	2408	2409	2410	2411	2412	39	39	-1	0	-1	-1	-1	-1	-1	-1	-1	-1
20403	阳关三叠	204	天山派三大杀招之一，迅疾难防。在敌群中穿梭攻击[a2ff00]6[-]次，每击造成[a2ff00]149%[-]的外功攻击伤害。并使[a2ff00]4[-]秒内闪避值提高[a2ff00]50%[-]。	3	2380	7	10	42403	-1	-1	0	7	7	0	3867	0	201	140	-1	0	301	15	-1	0	20101	2413	2414	2415	2416	2417	2418	39	39	-1	0	-1	-1	-1	-1	-1	-1	-1	-1
20404	阳关三叠	204	天山派三大杀招之一，迅疾难防。在敌群中穿梭攻击[a2ff00]6[-]次，每击造成[a2ff00]158%[-]的外功攻击伤害。并使[a2ff00]4[-]秒内闪避值提高[a2ff00]50%[-]。	4	2740	7	10	42404	-1	-1	0	7	7	0	3867	0	201	220	-1	0	301	15	-1	0	20101	2419	2420	2421	2422	2423	2424	39	39	-1	0	-1	-1	-1	-1	-1	-1	-1	-1
20405	阳关三叠	204	天山派三大杀招之一，迅疾难防。在敌群中穿梭攻击[a2ff00]6[-]次，每击造成[a2ff00]170%[-]的外功攻击伤害。并使[a2ff00]4[-]秒内闪避值提高[a2ff00]50%[-]。	5	3110	7	10	42405	-1	-1	0	7	7	0	3867	0	201	350	-1	0	301	15	-1	0	20101	2425	2426	2427	2428	2429	2430	39	39	-1	0	-1	-1	-1	-1	-1	-1	-1	-1
20406	阳关三叠	204	天山派三大杀招之一，迅疾难防。在敌群中穿梭攻击[a2ff00]6[-]次，每击造成[a2ff00]180%[-]的外功攻击伤害。并使[a2ff00]4[-]秒内闪避值提高[a2ff00]50%[-]。	6	3480	7	10	42406	-1	-1	0	7	7	0	3867	0	201	550	-1	0	301	15	-1	0	20101	2431	2432	2433	2434	2435	2436	39	39	-1	0	-1	-1	-1	-1	-1	-1	-1	-1
20407	阳关三叠	204	天山派三大杀招之一，迅疾难防。在敌群中穿梭攻击[a2ff00]6[-]次，每击造成[a2ff00]192%[-]的外功攻击伤害。并使[a2ff00]4[-]秒内闪避值提高[a2ff00]50%[-]。	7	3840	7	10	42407	-1	-1	0	7	7	0	3867	0	201	700	-1	0	301	15	-1	0	20101	2437	2438	2439	2440	2441	2442	39	39	-1	0	-1	-1	-1	-1	-1	-1	-1	-1
20408	阳关三叠	204	天山派三大杀招之一，迅疾难防。在敌群中穿梭攻击[a2ff00]6[-]次，每击造成[a2ff00]203%[-]的外功攻击伤害。并使[a2ff00]4[-]秒内闪避值提高[a2ff00]50%[-]。	8	4210	7	10	42408	-1	-1	0	7	7	0	3867	0	201	920	-1	0	301	15	-1	0	20101	2443	2444	2445	2446	2447	2448	39	39	-1	0	-1	-1	-1	-1	-1	-1	-1	-1
20409	阳关三叠	204	天山派三大杀招之一，迅疾难防。在敌群中穿梭攻击[a2ff00]6[-]次，每击造成[a2ff00]215%[-]的外功攻击伤害。并使[a2ff00]4[-]秒内闪避值提高[a2ff00]50%[-]。	9	4570	7	10	42409	-1	-1	0	7	7	0	3867	0	201	1370	-1	0	301	15	-1	0	20101	2449	2450	2451	2452	2453	2454	39	39	-1	0	-1	-1	-1	-1	-1	-1	-1	-1
20410	阳关三叠	204	天山派三大杀招之一，迅疾难防。在敌群中穿梭攻击[a2ff00]6[-]次，每击造成[a2ff00]225%[-]的外功攻击伤害。并使[a2ff00]4[-]秒内闪避值提高[a2ff00]50%[-]。	10	4940	7	10	42410	-1	-1	0	7	7	0	3867	0	201	1930	-1	0	301	15	-1	0	20101	2455	2456	2457	2458	2459	2460	39	39	-1	0	-1	-1	-1	-1	-1	-1	-1	-1
20501	移花接木	205	天山派三大杀招之一，变幻莫测。快速冲到目标身边造成[a2ff00]50%[-]外功攻击伤害，并使目标定身[a2ff00]2[-]秒。	1	1100	3	7000	-1	-1	-1	0	7	6	0	1066	0	201	20	-1	0	301	8	-1	0	20101	2501	112501	-1	-1	-1	-1	52	38	-1	0	-1	-1	-1	-1	-1	-1	-1	-1
20502	移花接木	205	天山派三大杀招之一，变幻莫测。快速冲到目标身边造成[a2ff00]60%[-]外功攻击伤害，并使目标定身[a2ff00]2[-]秒。	2	1340	3	7000	-1	-1	-1	0	7	6	0	1066	0	201	30	-1	0	301	8	-1	0	20101	2502	112502	-1	-1	-1	-1	52	38	-1	0	-1	-1	-1	-1	-1	-1	-1	-1
20503	移花接木	205	天山派三大杀招之一，变幻莫测。快速冲到目标身边造成[a2ff00]70%[-]外功攻击伤害，并使目标定身[a2ff00]2.5[-]秒。	3	1580	3	7000	-1	-1	-1	0	7	6	0	1066	0	201	60	-1	0	301	8	-1	0	20101	2503	112503	-1	-1	-1	-1	52	38	-1	0	-1	-1	-1	-1	-1	-1	-1	-1
20504	移花接木	205	天山派三大杀招之一，变幻莫测。快速冲到目标身边造成[a2ff00]85%[-]外功攻击伤害，并使目标定身[a2ff00]2.5[-]秒。	4	1830	3	7000	-1	-1	-1	0	7	6	0	1066	0	201	90	-1	0	301	8	-1	0	20101	2504	112504	-1	-1	-1	-1	52	38	-1	0	-1	-1	-1	-1	-1	-1	-1	-1
20505	移花接木	205	天山派三大杀招之一，变幻莫测。快速冲到目标身边造成[a2ff00]100%[-]外功攻击伤害，并使目标定身[a2ff00]3[-]秒。	5	2070	3	7000	-1	-1	-1	0	7	6	0	1066	0	201	140	-1	0	301	8	-1	0	20101	2505	112505	-1	-1	-1	-1	52	38	-1	0	-1	-1	-1	-1	-1	-1	-1	-1
20506	移花接木	205	天山派三大杀招之一，变幻莫测。快速冲到目标身边造成[a2ff00]115%[-]外功攻击伤害，并使目标定身[a2ff00]3[-]秒。	6	2320	3	7000	-1	-1	-1	0	7	6	0	1066	0	201	220	-1	0	301	8	-1	0	20101	2506	112506	-1	-1	-1	-1	52	38	-1	0	-1	-1	-1	-1	-1	-1	-1	-1
20507	移花接木	205	天山派三大杀招之一，变幻莫测。快速冲到目标身边造成[a2ff00]130%[-]外功攻击伤害，并使目标定身[a2ff00]3[-]秒。	7	2560	3	7000	-1	-1	-1	0	7	6	0	1066	0	201	280	-1	0	301	8	-1	0	20101	2507	112507	-1	-1	-1	-1	52	38	-1	0	-1	-1	-1	-1	-1	-1	-1	-1
20508	移花接木	205	天山派三大杀招之一，变幻莫测。快速冲到目标身边造成[a2ff00]145%[-]外功攻击伤害，并使目标定身[a2ff00]3.5[-]秒。	8	2800	3	7000	-1	-1	-1	0	7	6	0	1066	0	201	370	-1	0	301	8	-1	0	20101	2508	112508	-1	-1	-1	-1	52	38	-1	0	-1	-1	-1	-1	-1	-1	-1	-1
20509	移花接木	205	天山派三大杀招之一，变幻莫测。快速冲到目标身边造成[a2ff00]160%[-]外功攻击伤害，并使目标定身[a2ff00]3.5[-]秒。	9	3050	3	7000	-1	-1	-1	0	7	6	0	1066	0	201	550	-1	0	301	8	-1	0	20101	2509	112509	-1	-1	-1	-1	52	38	-1	0	-1	-1	-1	-1	-1	-1	-1	-1
20510	移花接木	205	天山派三大杀招之一，变幻莫测。快速冲到目标身边造成[a2ff00]175%[-]外功攻击伤害，并使目标定身[a2ff00]3.5[-]秒。	10	3290	3	7000	-1	-1	-1	0	7	6	0	1066	0	201	770	-1	0	301	8	-1	0	20101	2510	112510	-1	-1	-1	-1	52	38	-1	0	-1	-1	-1	-1	-1	-1	-1	-1
20601	生死符	206	由天山童姥所创，手法纷繁复杂，非施术者不可解。使[a2ff00]4[-]步范围内所有敌人致盲[a2ff00]3[-]秒，命中值降低[a2ff00]30%[-]，且不会主动攻击直到被攻击为止。	1	2010	0	-1	-1	-1	-1	0	5	37	0	1677	0	201	20	-1	0	301	10	-1	0	-1	132601	42602	-1	-1	-1	-1	73	73	15	100	-1	-1	-1	-1	-1	-1	-1	-1
20602	生死符	206	由天山童姥所创，手法纷繁复杂，非施术者不可解。使[a2ff00]4[-]步范围内所有敌人致盲[a2ff00]3[-]秒，命中值降低[a2ff00]33%[-]，且不会主动攻击直到被攻击为止。	2	2460	0	-1	-1	-1	-1	0	5	37	0	1677	0	201	30	-1	0	301	10	-1	0	-1	132602	42603	-1	-1	-1	-1	73	73	15	100	-1	-1	-1	-1	-1	-1	-1	-1
20603	生死符	206	由天山童姥所创，手法纷繁复杂，非施术者不可解。使[a2ff00]4[-]步范围内所有敌人致盲[a2ff00]3[-]秒，命中值降低[a2ff00]36%[-]，且不会主动攻击直到被攻击为止。	3	2900	0	-1	-1	-1	-1	0	5	37	0	1677	0	201	40	-1	0	301	10	-1	0	-1	132603	42604	-1	-1	-1	-1	73	73	15	100	-1	-1	-1	-1	-1	-1	-1	-1
20604	生死符	206	由天山童姥所创，手法纷繁复杂，非施术者不可解。使[a2ff00]4[-]步范围内所有敌人致盲[a2ff00]3.5[-]秒，命中值降低[a2ff00]36%[-]，且不会主动攻击直到被攻击为止。	4	3350	0	-1	-1	-1	-1	0	5	37	0	1677	0	201	60	-1	0	301	10	-1	0	-1	132604	42605	-1	-1	-1	-1	73	73	15	100	-1	-1	-1	-1	-1	-1	-1	-1
20605	生死符	206	由天山童姥所创，手法纷繁复杂，非施术者不可解。使[a2ff00]4[-]步范围内所有敌人致盲[a2ff00]3.5[-]秒，命中值降低[a2ff00]39%[-]，且不会主动攻击直到被攻击为止。	5	3800	0	-1	-1	-1	-1	0	5	37	0	1677	0	201	100	-1	0	301	10	-1	0	-1	132605	42606	-1	-1	-1	-1	73	73	15	100	-1	-1	-1	-1	-1	-1	-1	-1
20606	生死符	206	由天山童姥所创，手法纷繁复杂，非施术者不可解。使[a2ff00]4[-]步范围内所有敌人致盲[a2ff00]3.5[-]秒，命中值降低[a2ff00]42%[-]，且不会主动攻击直到被攻击为止。	6	4240	0	-1	-1	-1	-1	0	5	37	0	1677	0	201	160	-1	0	301	10	-1	0	-1	132606	42607	-1	-1	-1	-1	73	73	15	100	-1	-1	-1	-1	-1	-1	-1	-1
20607	生死符	206	由天山童姥所创，手法纷繁复杂，非施术者不可解。使[a2ff00]4[-]步范围内所有敌人致盲[a2ff00]4[-]秒，命中值降低[a2ff00]42%[-]，且不会主动攻击直到被攻击为止。	7	4690	0	-1	-1	-1	-1	0	5	37	0	1677	0	201	210	-1	0	301	10	-1	0	-1	132607	42608	-1	-1	-1	-1	73	73	15	100	-1	-1	-1	-1	-1	-1	-1	-1
20608	生死符	206	由天山童姥所创，手法纷繁复杂，非施术者不可解。使[a2ff00]4[-]步范围内所有敌人致盲[a2ff00]4[-]秒，命中值降低[a2ff00]45%[-]，且不会主动攻击直到被攻击为止。	8	5140	0	-1	-1	-1	-1	0	5	37	0	1677	0	201	280	-1	0	301	10	-1	0	-1	132608	42609	-1	-1	-1	-1	73	73	15	100	-1	-1	-1	-1	-1	-1	-1	-1
20609	生死符	206	由天山童姥所创，手法纷繁复杂，非施术者不可解。使[a2ff00]4[-]步范围内所有敌人致盲[a2ff00]4[-]秒，命中值降低[a2ff00]48%[-]，且不会主动攻击直到被攻击为止。	9	5580	0	-1	-1	-1	-1	0	5	37	0	1677	0	201	410	-1	0	301	10	-1	0	-1	132609	42610	-1	-1	-1	-1	73	73	15	100	-1	-1	-1	-1	-1	-1	-1	-1
20610	生死符	206	由天山童姥所创，手法纷繁复杂，非施术者不可解。使[a2ff00]4[-]步范围内所有敌人致盲[a2ff00]4.5[-]秒，命中值降低[a2ff00]50%[-]，且不会主动攻击直到被攻击为止。	10	6030	0	-1	-1	-1	-1	0	5	37	0	1677	0	201	580	-1	0	301	10	-1	0	-1	132610	42611	-1	-1	-1	-1	73	73	15	100	-1	-1	-1	-1	-1	-1	-1	-1
20701	隐遁	207	从漫天飞舞的雪花中悟出的技法，天山派独门秘技。隐身[a2ff00]8[-]秒，增加[a2ff00]50%[-]的移动速度，持续[a2ff00]8[-]秒，并且使下一招攻击技能必定暴击。	1	2190	0	-1	-1	-1	-1	0	1	39	0	1000	0	201	20	-1	0	301	3	-1	0	-1	172801	162801	42801	-1	-1	-1	75	75	-1	-1	-1	-1	-1	-1	-1	-1	-1	-1
20702	隐遁	207	从漫天飞舞的雪花中悟出的技法，天山派独门秘技。隐身[a2ff00]8[-]秒，增加[a2ff00]55%[-]的移动速度，持续[a2ff00]8.5[-]秒，并且使下一招攻击技能必定暴击。	2	2680	0	-1	-1	-1	-1	0	1	39	0	1000	0	201	30	-1	0	301	3	-1	0	-1	172802	162801	42802	-1	-1	-1	75	75	-1	-1	-1	-1	-1	-1	-1	-1	-1	-1
20703	隐遁	207	从漫天飞舞的雪花中悟出的技法，天山派独门秘技。隐身[a2ff00]9[-]秒，增加[a2ff00]55%[-]的移动速度，持续[a2ff00]8.5[-]秒，并且使下一招攻击技能必定暴击。	3	3170	0	-1	-1	-1	-1	0	1	39	0	1000	0	201	60	-1	0	301	3	-1	0	-1	172803	162801	42803	-1	-1	-1	75	75	-1	-1	-1	-1	-1	-1	-1	-1	-1	-1
20704	隐遁	207	从漫天飞舞的雪花中悟出的技法，天山派独门秘技。隐身[a2ff00]9[-]秒，增加[a2ff00]60%[-]的移动速度，持续[a2ff00]9[-]秒，并且使下一招攻击技能必定暴击。	4	3660	0	-1	-1	-1	-1	0	1	39	0	1000	0	201	90	-1	0	301	3	-1	0	-1	172804	162801	42804	-1	-1	-1	75	75	-1	-1	-1	-1	-1	-1	-1	-1	-1	-1
20705	隐遁	207	从漫天飞舞的雪花中悟出的技法，天山派独门秘技。隐身[a2ff00]10[-]秒，增加[a2ff00]60%[-]的移动速度，持续[a2ff00]9[-]秒，并且使下一招攻击技能必定暴击。	5	4140	0	-1	-1	-1	-1	0	1	39	0	1000	0	201	140	-1	0	301	3	-1	0	-1	172805	162801	42805	-1	-1	-1	75	75	-1	-1	-1	-1	-1	-1	-1	-1	-1	-1
20706	隐遁	207	从漫天飞舞的雪花中悟出的技法，天山派独门秘技。隐身[a2ff00]10[-]秒，增加[a2ff00]65%[-]的移动速度，持续[a2ff00]9.5[-]秒，并且使下一招攻击技能必定暴击。	6	4630	0	-1	-1	-1	-1	0	1	39	0	1000	0	201	220	-1	0	301	3	-1	0	-1	172806	162801	42806	-1	-1	-1	75	75	-1	-1	-1	-1	-1	-1	-1	-1	-1	-1
20707	隐遁	207	从漫天飞舞的雪花中悟出的技法，天山派独门秘技。隐身[a2ff00]11[-]秒，增加[a2ff00]65%[-]的移动速度，持续[a2ff00]9.5[-]秒，并且使下一招攻击技能必定暴击。	7	5120	0	-1	-1	-1	-1	0	1	39	0	1000	0	201	280	-1	0	301	3	-1	0	-1	172807	162801	42807	-1	-1	-1	75	75	-1	-1	-1	-1	-1	-1	-1	-1	-1	-1
20708	隐遁	207	从漫天飞舞的雪花中悟出的技法，天山派独门秘技。隐身[a2ff00]11[-]秒，增加[a2ff00]70%[-]的移动速度，持续[a2ff00]10[-]秒，并且使下一招攻击技能必定暴击。	8	5610	0	-1	-1	-1	-1	0	1	39	0	1000	0	201	370	-1	0	301	3	-1	0	-1	172808	162801	42808	-1	-1	-1	75	75	-1	-1	-1	-1	-1	-1	-1	-1	-1	-1
20709	隐遁	207	从漫天飞舞的雪花中悟出的技法，天山派独门秘技。隐身[a2ff00]12[-]秒，增加[a2ff00]70%[-]的移动速度，持续[a2ff00]10[-]秒，并且使下一招攻击技能必定暴击。	9	6090	0	-1	-1	-1	-1	0	1	39	0	1000	0	201	550	-1	0	301	3	-1	0	-1	172809	162801	42809	-1	-1	-1	75	75	-1	-1	-1	-1	-1	-1	-1	-1	-1	-1
20710	隐遁	207	从漫天飞舞的雪花中悟出的技法，天山派独门秘技。隐身[a2ff00]12[-]秒，增加[a2ff00]80%[-]的移动速度，持续[a2ff00]10[-]秒，并且使下一招攻击技能必定暴击。	10	6580	0	-1	-1	-1	-1	0	1	39	0	1000	0	201	770	-1	0	301	3	-1	0	-1	172810	162801	42810	-1	-1	-1	75	75	-1	-1	-1	-1	-1	-1	-1	-1	-1	-1
20801	雪花六出	208	天山派秘技，隐遁后攻守进退自如。使你和附近[a2ff00]8[-]步范围内所有队友闪避值提高[a2ff00]85%[-]，持续[a2ff00]12[-]秒。初始[a2ff00]2[-]秒获得额外[a2ff00]50%[-]的闪避值。	1	3660	0	-1	-1	-1	-1	0	10	38	0	1333	0	201	40	-1	0	301	12	-1	0	-1	42702	42701	-1	-1	-1	-1	74	74	-1	-1	-1	-1	-1	-1	-1	-1	-1	-1
20802	雪花六出	208	天山派秘技，隐遁后攻守进退自如。使你和附近[a2ff00]8[-]步范围内所有队友闪避值提高[a2ff00]90%[-]，持续[a2ff00]12[-]秒。初始[a2ff00]2[-]秒获得额外[a2ff00]50%[-]的闪避值。	2	4470	0	-1	-1	-1	-1	0	10	38	0	1333	0	201	60	-1	0	301	12	-1	0	-1	42704	42703	-1	-1	-1	-1	74	74	-1	-1	-1	-1	-1	-1	-1	-1	-1	-1
20803	雪花六出	208	天山派秘技，隐遁后攻守进退自如。使你和附近[a2ff00]8[-]步范围内所有队友闪避值提高[a2ff00]100%[-]，持续[a2ff00]12[-]秒。初始[a2ff00]2[-]秒获得额外[a2ff00]50%[-]的闪避值。	3	5280	0	-1	-1	-1	-1	0	10	38	0	1333	0	201	100	-1	0	301	12	-1	0	-1	42706	42705	-1	-1	-1	-1	74	74	-1	-1	-1	-1	-1	-1	-1	-1	-1	-1
20804	雪花六出	208	天山派秘技，隐遁后攻守进退自如。使你和附近[a2ff00]8[-]步范围内所有队友闪避值提高[a2ff00]110%[-]，持续[a2ff00]12[-]秒。初始[a2ff00]2[-]秒获得额外[a2ff00]50%[-]的闪避值。	4	6090	0	-1	-1	-1	-1	0	10	38	0	1333	0	201	150	-1	0	301	12	-1	0	-1	42708	42707	-1	-1	-1	-1	74	74	-1	-1	-1	-1	-1	-1	-1	-1	-1	-1
20805	雪花六出	208	天山派秘技，隐遁后攻守进退自如。使你和附近[a2ff00]8[-]步范围内所有队友闪避值提高[a2ff00]115%[-]，持续[a2ff00]12[-]秒。初始[a2ff00]2[-]秒获得额外[a2ff00]50%[-]的闪避值。	5	6910	0	-1	-1	-1	-1	0	10	38	0	1333	0	201	240	-1	0	301	12	-1	0	-1	42710	42709	-1	-1	-1	-1	74	74	-1	-1	-1	-1	-1	-1	-1	-1	-1	-1
20806	雪花六出	208	天山派秘技，隐遁后攻守进退自如。使你和附近[a2ff00]8[-]步范围内所有队友闪避值提高[a2ff00]125%[-]，持续[a2ff00]12[-]秒。初始[a2ff00]2[-]秒获得额外[a2ff00]50%[-]的闪避值。	6	7720	0	-1	-1	-1	-1	0	10	38	0	1333	0	201	380	-1	0	301	12	-1	0	-1	42712	42711	-1	-1	-1	-1	74	74	-1	-1	-1	-1	-1	-1	-1	-1	-1	-1
20807	雪花六出	208	天山派秘技，隐遁后攻守进退自如。使你和附近[a2ff00]8[-]步范围内所有队友闪避值提高[a2ff00]125%[-]，持续[a2ff00]12[-]秒。初始[a2ff00]3[-]秒获得额外[a2ff00]50%[-]的闪避值。	7	8530	0	-1	-1	-1	-1	0	10	38	0	1333	0	201	490	-1	0	301	12	-1	0	-1	42714	42713	-1	-1	-1	-1	74	74	-1	-1	-1	-1	-1	-1	-1	-1	-1	-1
20808	雪花六出	208	天山派秘技，隐遁后攻守进退自如。使你和附近[a2ff00]8[-]步范围内所有队友闪避值提高[a2ff00]125%[-]，持续[a2ff00]13[-]秒。初始[a2ff00]3[-]秒获得额外[a2ff00]50%[-]的闪避值。	8	9340	0	-1	-1	-1	-1	0	10	38	0	1333	0	201	640	-1	0	301	12	-1	0	-1	42716	42715	-1	-1	-1	-1	74	74	-1	-1	-1	-1	-1	-1	-1	-1	-1	-1
20809	雪花六出	208	天山派秘技，隐遁后攻守进退自如。使你和附近[a2ff00]8[-]步范围内所有队友闪避值提高[a2ff00]125%[-]，持续[a2ff00]14[-]秒。初始[a2ff00]3[-]秒获得额外[a2ff00]50%[-]的闪避值。	9	10160	0	-1	-1	-1	-1	0	10	38	0	1333	0	201	960	-1	0	301	12	-1	0	-1	42718	42717	-1	-1	-1	-1	74	74	-1	-1	-1	-1	-1	-1	-1	-1	-1	-1
20810	雪花六出	208	天山派秘技，隐遁后攻守进退自如。使你和附近[a2ff00]8[-]步范围内所有队友闪避值提高[a2ff00]125%[-]，持续[a2ff00]15[-]秒。初始[a2ff00]3[-]秒获得额外[a2ff00]50%[-]的闪避值。	10	10970	0	-1	-1	-1	-1	0	10	38	0	1333	0	201	1350	-1	0	301	12	-1	0	-1	42720	42719	-1	-1	-1	-1	74	74	-1	-1	-1	-1	-1	-1	-1	-1	-1	-1
30101	大理普攻	301	攻击[a2ff00]6[-]步范围内的单个敌人，每秒造成[a2ff00]100%[-]外功攻击伤害。自动连续攻击。	1	0	2	-1	-1	-1	-1	0	6	1	0	1967	0	-1	0	-1	0	301	1	-1	0	30101	103101	-1	-1	-1	-1	-1	40	42	12	100	-1	93	94	95	-1	-1	-1	-1
30201	暴雨梨花	302	万千剑气如暴雨倾泻，只见剑光如梨花飘落。嘲讽全屏范围内所有敌人，造成等同于其生命上限的伤害。对BOSS和玩家无效。	1	0	8	-1	-1	-1	-1	0	10	15	0	4767	0	302	100	-1	0	-1	0	-1	0	-1	23201	23202	-1	-1	-1	-1	43	44	6	100	92	-1	-1	-1	-1	-1	-1	-1
30301	一阳指	303	大理秘传绝学，以内力化作剑气伤敌。运一道剑气对单个敌人造成[a2ff00]185%[-]外功攻击伤害，有[a2ff00]20%[-]的概率会穿刺一条直线上的所有敌人。	1	730	5	20	3	6	-1	0	7	8	0	1333	0	201	10	-1	0	301	5	-1	0	30101	3301	-1	-1	-1	-1	-1	45	45	10	100	-1	-1	-1	-1	-1	-1	-1	-1
30302	一阳指	303	大理秘传绝学，以内力化作剑气伤敌。运一道剑气对单个敌人造成[a2ff00]190%[-]外功攻击伤害，有[a2ff00]20%[-]的概率会穿刺一条直线上的所有敌人。	2	890	5	20	3	6	-1	0	7	8	0	1333	0	201	20	-1	0	301	5	-1	0	30101	3302	-1	-1	-1	-1	-1	45	45	10	100	-1	-1	-1	-1	-1	-1	-1	-1
30303	一阳指	303	大理秘传绝学，以内力化作剑气伤敌。运一道剑气对单个敌人造成[a2ff00]195%[-]外功攻击伤害，有[a2ff00]25%[-]的概率会穿刺一条直线上的所有敌人。	3	1050	5	25	3	6	-1	0	7	8	0	1333	0	201	30	-1	0	301	5	-1	0	30101	3303	-1	-1	-1	-1	-1	45	45	10	100	-1	-1	-1	-1	-1	-1	-1	-1
30304	一阳指	303	大理秘传绝学，以内力化作剑气伤敌。运一道剑气对单个敌人造成[a2ff00]200%[-]外功攻击伤害，有[a2ff00]25%[-]的概率会穿刺一条直线上的所有敌人。	4	1220	5	25	3	6	-1	0	7	8	0	1333	0	201	40	-1	0	301	5	-1	0	30101	3304	-1	-1	-1	-1	-1	45	45	10	100	-1	-1	-1	-1	-1	-1	-1	-1
30305	一阳指	303	大理秘传绝学，以内力化作剑气伤敌。运一道剑气对单个敌人造成[a2ff00]205%[-]外功攻击伤害，有[a2ff00]25%[-]的概率会穿刺一条直线上的所有敌人。有[a2ff00]10%[-]的概率会击退目标。	5	1380	5	25	3	6	-1	0	7	8	0	1333	0	201	70	-1	0	301	5	-1	0	30101	3305	183305	-1	-1	-1	-1	45	45	10	100	-1	-1	-1	-1	-1	-1	-1	-1
30306	一阳指	303	大理秘传绝学，以内力化作剑气伤敌。运一道剑气对单个敌人造成[a2ff00]210%[-]外功攻击伤害，有[a2ff00]25%[-]的概率会穿刺一条直线上的所有敌人。有[a2ff00]10%[-]的概率会击退目标。	6	1540	5	25	3	6	-1	0	7	8	0	1333	0	201	110	-1	0	301	5	-1	0	30101	3306	183306	-1	-1	-1	-1	45	45	10	100	-1	-1	-1	-1	-1	-1	-1	-1
30307	一阳指	303	大理秘传绝学，以内力化作剑气伤敌。运一道剑气对单个敌人造成[a2ff00]215%[-]外功攻击伤害，有[a2ff00]30%[-]的概率会穿刺一条直线上的所有敌人。有[a2ff00]10%[-]的概率会击退目标。	7	1700	5	30	3	6	-1	0	7	8	0	1333	0	201	140	-1	0	301	5	-1	0	30101	3307	183307	-1	-1	-1	-1	45	45	10	100	-1	-1	-1	-1	-1	-1	-1	-1
30308	一阳指	303	大理秘传绝学，以内力化作剑气伤敌。运一道剑气对单个敌人造成[a2ff00]225%[-]外功攻击伤害，有[a2ff00]30%[-]的概率会穿刺一条直线上的所有敌人。有[a2ff00]20%[-]的概率会击退目标。	8	1870	5	30	3	6	-1	0	7	8	0	1333	0	201	180	-1	0	301	5	-1	0	30101	3308	183308	-1	-1	-1	-1	45	45	10	100	-1	-1	-1	-1	-1	-1	-1	-1
30309	一阳指	303	大理秘传绝学，以内力化作剑气伤敌。运一道剑气对单个敌人造成[a2ff00]235%[-]外功攻击伤害，有[a2ff00]30%[-]的概率会穿刺一条直线上的所有敌人。有[a2ff00]20%[-]的概率会击退目标。	9	2030	5	30	3	6	-1	0	7	8	0	1333	0	201	270	-1	0	301	5	-1	0	30101	3309	183309	-1	-1	-1	-1	45	45	10	100	-1	-1	-1	-1	-1	-1	-1	-1
30310	一阳指	303	大理秘传绝学，以内力化作剑气伤敌。运一道剑气对单个敌人造成[a2ff00]245%[-]外功攻击伤害，有[a2ff00]30%[-]的概率会穿刺一条直线上的所有敌人。有[a2ff00]30%[-]的概率会击退目标。	10	2190	5	30	3	6	-1	0	7	8	0	1333	0	201	390	-1	0	301	5	-1	0	30101	3310	183310	-1	-1	-1	-1	45	45	10	100	-1	-1	-1	-1	-1	-1	-1	-1
30401	六脉神剑	304	汇少商、商阳、中冲、关冲、少冲、少泽所成。发射六股巨大的剑气，对敌方目标[a2ff00]6[-]步范围内所有敌人造成共[a2ff00]415%[-]的外功攻击伤害。	1	1650	11	11	2	1	-1	0	6	10	0	2100	0	201	30	-1	0	301	15	-1	0	30101	-1	-1	-1	-1	-1	-1	47	47	-1	0	-1	-1	-1	-1	-1	-1	-1	-1
30402	六脉神剑	304	汇少商、商阳、中冲、关冲、少冲、少泽所成。发射六股巨大的剑气，对敌方目标[a2ff00]6[-]步范围内所有敌人造成共[a2ff00]440%[-]的外功攻击伤害。	2	2010	11	12	2	1	-1	0	6	10	0	2100	0	201	50	-1	0	301	15	-1	0	30101	-1	-1	-1	-1	-1	-1	47	47	-1	0	-1	-1	-1	-1	-1	-1	-1	-1
30403	六脉神剑	304	汇少商、商阳、中冲、关冲、少冲、少泽所成。发射六股巨大的剑气，对敌方目标[a2ff00]6[-]步范围内所有敌人造成共[a2ff00]480%[-]的外功攻击伤害。	3	2380	11	13	2	1	-1	0	6	10	0	2100	0	201	80	-1	0	301	15	-1	0	30101	-1	-1	-1	-1	-1	-1	47	47	-1	0	-1	-1	-1	-1	-1	-1	-1	-1
30404	六脉神剑	304	汇少商、商阳、中冲、关冲、少冲、少泽所成。发射六股巨大的剑气，对敌方目标[a2ff00]6[-]步范围内所有敌人造成共[a2ff00]505%[-]的外功攻击伤害。	4	2740	11	14	2	1	-1	0	6	10	0	2100	0	201	130	-1	0	301	15	-1	0	30101	-1	-1	-1	-1	-1	-1	47	47	-1	0	-1	-1	-1	-1	-1	-1	-1	-1
30405	六脉神剑	304	汇少商、商阳、中冲、关冲、少冲、少泽所成。发射六股巨大的剑气，对敌方目标[a2ff00]6[-]步范围内所有敌人造成共[a2ff00]530%[-]的外功攻击伤害。	5	3110	11	15	2	1	-1	0	6	10	0	2100	0	201	210	-1	0	301	15	-1	0	30101	-1	-1	-1	-1	-1	-1	47	47	-1	0	-1	-1	-1	-1	-1	-1	-1	-1
30406	六脉神剑	304	汇少商、商阳、中冲、关冲、少冲、少泽所成。发射六股巨大的剑气，对敌方目标[a2ff00]6[-]步范围内所有敌人造成共[a2ff00]570%[-]的外功攻击伤害。	6	3480	11	16	2	1	-1	0	6	10	0	2100	0	201	330	-1	0	301	15	-1	0	30101	-1	-1	-1	-1	-1	-1	47	47	-1	0	-1	-1	-1	-1	-1	-1	-1	-1
30407	六脉神剑	304	汇少商、商阳、中冲、关冲、少冲、少泽所成。发射六股巨大的剑气，对敌方目标[a2ff00]6[-]步范围内所有敌人造成共[a2ff00]595%[-]的外功攻击伤害。	7	3840	11	17	2	1	-1	0	6	10	0	2100	0	201	420	-1	0	301	15	-1	0	30101	-1	-1	-1	-1	-1	-1	47	47	-1	0	-1	-1	-1	-1	-1	-1	-1	-1
30408	六脉神剑	304	汇少商、商阳、中冲、关冲、少冲、少泽所成。发射六股巨大的剑气，对敌方目标[a2ff00]6[-]步范围内所有敌人造成共[a2ff00]635%[-]的外功攻击伤害。	8	4210	11	18	2	1	-1	0	6	10	0	2100	0	201	550	-1	0	301	15	-1	0	30101	-1	-1	-1	-1	-1	-1	47	47	-1	0	-1	-1	-1	-1	-1	-1	-1	-1
30409	六脉神剑	304	汇少商、商阳、中冲、关冲、少冲、少泽所成。发射六股巨大的剑气，对敌方目标[a2ff00]6[-]步范围内所有敌人造成共[a2ff00]660%[-]的外功攻击伤害。	9	4570	11	19	2	1	-1	0	6	10	0	2100	0	201	820	-1	0	301	15	-1	0	30101	-1	-1	-1	-1	-1	-1	47	47	-1	0	-1	-1	-1	-1	-1	-1	-1	-1
30410	六脉神剑	304	汇少商、商阳、中冲、关冲、少冲、少泽所成。发射六股巨大的剑气，对敌方目标[a2ff00]6[-]步范围内所有敌人造成共[a2ff00]695%[-]的外功攻击伤害。	10	4940	11	20	2	1	-1	0	6	10	0	2100	0	201	1160	-1	0	301	15	-1	0	30101	-1	-1	-1	-1	-1	-1	47	47	-1	0	-1	-1	-1	-1	-1	-1	-1	-1
30501	流星赶月	305	"段正淳为阮星竹所创剑式，舞动时剑气似流星般激射而出。释放一道流星剑气缠绕在目标周围，立即造成[a2ff00]65%[-]的外功攻击伤害,并击退周围目标。[a2ff00]1[-]秒后流星炸开对[a2ff00]3[-]步范围内其他目标造成[a2ff00]30%[-]外功攻击伤害。"	1	1100	0	-1	-1	-1	-1	0	7	9	0	1167	0	201	20	-1	0	301	8	-1	0	30101	3501	23501	23511	-1	-1	-1	46	46	-1	0	-1	-1	-1	-1	-1	-1	-1	-1
30502	流星赶月	305	"段正淳为阮星竹所创剑式，舞动时剑气似流星般激射而出。释放一道流星剑气缠绕在目标周围，立即造成[a2ff00]80%[-]的外功攻击伤害,并击退周围目标。[a2ff00]1[-]秒后流星炸开对[a2ff00]3[-]步范围内其他目标造成[a2ff00]35%[-]外功攻击伤害。"	2	1340	0	-1	-1	-1	-1	0	7	9	0	1167	0	201	30	-1	0	301	8	-1	0	30101	3501	23502	23512	-1	-1	-1	46	46	-1	0	-1	-1	-1	-1	-1	-1	-1	-1
30503	流星赶月	305	"段正淳为阮星竹所创剑式，舞动时剑气似流星般激射而出。释放一道流星剑气缠绕在目标周围，立即造成[a2ff00]95%[-]的外功攻击伤害,并击退周围目标。[a2ff00]1[-]秒后流星炸开对[a2ff00]3[-]步范围内其他目标造成[a2ff00]40%[-]外功攻击伤害。"	3	1580	0	-1	-1	-1	-1	0	7	9	0	1167	0	201	60	-1	0	301	8	-1	0	30101	3501	23503	23513	-1	-1	-1	46	46	-1	0	-1	-1	-1	-1	-1	-1	-1	-1
30504	流星赶月	305	"段正淳为阮星竹所创剑式，舞动时剑气似流星般激射而出。释放一道流星剑气缠绕在目标周围，立即造成[a2ff00]110%[-]的外功攻击伤害,并击退周围目标。[a2ff00]1[-]秒后流星炸开对[a2ff00]3[-]步范围内其他目标造成[a2ff00]45%[-]外功攻击伤害。"	4	1830	0	-1	-1	-1	-1	0	7	9	0	1167	0	201	90	-1	0	301	8	-1	0	30101	3501	23504	23514	-1	-1	-1	46	46	-1	0	-1	-1	-1	-1	-1	-1	-1	-1
30505	流星赶月	305	"段正淳为阮星竹所创剑式，舞动时剑气似流星般激射而出。释放一道流星剑气缠绕在目标周围，立即造成[a2ff00]125%[-]的外功攻击伤害,并击退周围目标。[a2ff00]1[-]秒后流星炸开对[a2ff00]3[-]步范围内其他目标造成[a2ff00]50%[-]外功攻击伤害。"	5	2070	0	-1	-1	-1	-1	0	7	9	0	1167	0	201	140	-1	0	301	8	-1	0	30101	3501	23505	23515	-1	-1	-1	46	46	-1	0	-1	-1	-1	-1	-1	-1	-1	-1
30506	流星赶月	305	"段正淳为阮星竹所创剑式，舞动时剑气似流星般激射而出。释放一道流星剑气缠绕在目标周围，立即造成[a2ff00]140%[-]的外功攻击伤害,并击退周围目标。[a2ff00]1[-]秒后流星炸开对[a2ff00]3[-]步范围内其他目标造成[a2ff00]55%[-]外功攻击伤害。"	6	2320	0	-1	-1	-1	-1	0	7	9	0	1167	0	201	220	-1	0	301	8	-1	0	30101	3501	23506	23516	-1	-1	-1	46	46	-1	0	-1	-1	-1	-1	-1	-1	-1	-1
30507	流星赶月	305	"段正淳为阮星竹所创剑式，舞动时剑气似流星般激射而出。释放一道流星剑气缠绕在目标周围，立即造成[a2ff00]155%[-]的外功攻击伤害,并击退周围目标。[a2ff00]1[-]秒后流星炸开对[a2ff00]3[-]步范围内其他目标造成[a2ff00]60%[-]外功攻击伤害。"	7	2560	0	-1	-1	-1	-1	0	7	9	0	1167	0	201	280	-1	0	301	8	-1	0	30101	3501	23507	23517	-1	-1	-1	46	46	-1	0	-1	-1	-1	-1	-1	-1	-1	-1
30508	流星赶月	305	"段正淳为阮星竹所创剑式，舞动时剑气似流星般激射而出。释放一道流星剑气缠绕在目标周围，立即造成[a2ff00]170%[-]的外功攻击伤害,并击退周围目标。[a2ff00]1[-]秒后流星炸开对[a2ff00]3[-]步范围内其他目标造成[a2ff00]65%[-]外功攻击伤害。"	8	2800	0	-1	-1	-1	-1	0	7	9	0	1167	0	201	370	-1	0	301	8	-1	0	30101	3501	23508	23518	-1	-1	-1	46	46	-1	0	-1	-1	-1	-1	-1	-1	-1	-1
30509	流星赶月	305	"段正淳为阮星竹所创剑式，舞动时剑气似流星般激射而出。释放一道流星剑气缠绕在目标周围，立即造成[a2ff00]190%[-]的外功攻击伤害,并击退周围目标。[a2ff00]1[-]秒后流星炸开对[a2ff00]3[-]步范围内其他目标造成[a2ff00]70%[-]外功攻击伤害。"	9	3050	0	-1	-1	-1	-1	0	7	9	0	1167	0	201	550	-1	0	301	8	-1	0	30101	3501	23509	23519	-1	-1	-1	46	46	-1	0	-1	-1	-1	-1	-1	-1	-1	-1
30510	流星赶月	305	"段正淳为阮星竹所创剑式，舞动时剑气似流星般激射而出。释放一道流星剑气缠绕在目标周围，立即造成[a2ff00]210%[-]的外功攻击伤害,并击退周围目标。[a2ff00]1[-]秒后流星炸开对[a2ff00]3[-]步范围内其他目标造成[a2ff00]80%[-]外功攻击伤害。"	10	3290	0	-1	-1	-1	-1	0	7	9	0	1167	0	201	770	-1	0	301	8	-1	0	30101	3501	23510	23520	-1	-1	-1	46	46	-1	0	-1	-1	-1	-1	-1	-1	-1	-1
30601	画地为牢	306	神仙姐姐遗卷所载武功，似是来自逍遥派的某种机关学。放置一个[a2ff00]1[-]秒后生效的陷阱，敌人靠近时触发。陷阱对[a2ff00]4[-]步范围内所有敌人造成[a2ff00]150%[-]的外功攻击伤害，并使敌人减速[a2ff00]50%[-]，减速效果持续[a2ff00]5[-]秒。	1	2010	11	1	1	0	-1	0	3	40	0	1000	0	201	20	-1	0	301	10	-1	0	-1	-1	-1	-1	-1	-1	-1	76	76	-1	-1	-1	-1	-1	-1	1	0	3	-1
30602	画地为牢	306	神仙姐姐遗卷所载武功，似是来自逍遥派的某种机关学。放置一个[a2ff00]1[-]秒后生效的陷阱，敌人靠近时触发。陷阱对[a2ff00]4[-]步范围内所有敌人造成[a2ff00]165%[-]的外功攻击伤害，并使敌人减速[a2ff00]50%[-]，减速效果持续[a2ff00]5[-]秒。	2	2460	11	2	1	0	-1	0	3	40	0	1000	0	201	30	-1	0	301	10	-1	0	-1	-1	-1	-1	-1	-1	-1	76	76	-1	-1	-1	-1	-1	-1	1	0	3	-1
30603	画地为牢	306	神仙姐姐遗卷所载武功，似是来自逍遥派的某种机关学。放置一个[a2ff00]1[-]秒后生效的陷阱，敌人靠近时触发。陷阱对[a2ff00]4[-]步范围内所有敌人造成[a2ff00]180%[-]的外功攻击伤害，并使敌人减速[a2ff00]50%[-]，减速效果持续[a2ff00]5[-]秒。	3	2900	11	3	1	0	-1	0	3	40	0	1000	0	201	40	-1	0	301	10	-1	0	-1	-1	-1	-1	-1	-1	-1	76	76	-1	-1	-1	-1	-1	-1	1	0	3	-1
30604	画地为牢	306	神仙姐姐遗卷所载武功，似是来自逍遥派的某种机关学。放置一个[a2ff00]1[-]秒后生效的陷阱，敌人靠近时触发。陷阱对[a2ff00]4[-]步范围内所有敌人造成[a2ff00]200%[-]的外功攻击伤害，并使敌人减速[a2ff00]50%[-]，减速效果持续[a2ff00]5[-]秒。	4	3350	11	4	1	0	-1	0	3	40	0	1000	0	201	60	-1	0	301	10	-1	0	-1	-1	-1	-1	-1	-1	-1	76	76	-1	-1	-1	-1	-1	-1	1	0	3	-1
30605	画地为牢	306	神仙姐姐遗卷所载武功，似是来自逍遥派的某种机关学。放置一个[a2ff00]1[-]秒后生效的陷阱，敌人靠近时触发。陷阱对[a2ff00]4[-]步范围内所有敌人造成[a2ff00]215%[-]的外功攻击伤害，并使敌人减速[a2ff00]55[-]%，减速效果持续[a2ff00]5[-]秒。	5	3800	11	5	1	0	-1	0	3	40	0	1000	0	201	100	-1	0	301	10	-1	0	-1	-1	-1	-1	-1	-1	-1	76	76	-1	-1	-1	-1	-1	-1	1	0	3	-1
30606	画地为牢	306	神仙姐姐遗卷所载武功，似是来自逍遥派的某种机关学。放置一个[a2ff00]1[-]秒后生效的陷阱，敌人靠近时触发。陷阱对[a2ff00]4[-]步范围内所有敌人造成[a2ff00]230%[-]的外功攻击伤害，并使敌人减速[a2ff00]55%[-]，减速效果持续[a2ff00]5[-]秒。	6	4240	11	6	1	0	-1	0	3	40	0	1000	0	201	160	-1	0	301	10	-1	0	-1	-1	-1	-1	-1	-1	-1	76	76	-1	-1	-1	-1	-1	-1	1	0	3	-1
30607	画地为牢	306	神仙姐姐遗卷所载武功，似是来自逍遥派的某种机关学。放置一个[a2ff00]1[-]秒后生效的陷阱，敌人靠近时触发。陷阱对[a2ff00]4[-]步范围内所有敌人造成[a2ff00]245%[-]的外功攻击伤害，并使敌人减速[a2ff00]55[-]%，减速效果持续[a2ff00]5[-]秒。	7	4690	11	7	1	0	-1	0	3	40	0	1000	0	201	210	-1	0	301	10	-1	0	-1	-1	-1	-1	-1	-1	-1	76	76	-1	-1	-1	-1	-1	-1	1	0	3	-1
30608	画地为牢	306	神仙姐姐遗卷所载武功，似是来自逍遥派的某种机关学。放置一个[a2ff00]1[-]秒后生效的陷阱，敌人靠近时触发。陷阱对[a2ff00]4[-]步范围内所有敌人造成[a2ff00]260%[-]的外功攻击伤害，并使敌人减速[a2ff00]60%[-]，减速效果持续[a2ff00]5[-]秒。	8	5140	11	8	1	0	-1	0	3	40	0	1000	0	201	280	-1	0	301	10	-1	0	-1	-1	-1	-1	-1	-1	-1	76	76	-1	-1	-1	-1	-1	-1	1	0	3	-1
30609	画地为牢	306	神仙姐姐遗卷所载武功，似是来自逍遥派的某种机关学。放置一个[a2ff00]1[-]秒后生效的陷阱，敌人靠近时触发。陷阱对[a2ff00]4[-]步范围内所有敌人造成[a2ff00]280%[-]的外功攻击伤害，并使敌人减速[a2ff00]60%[-]，减速效果持续[a2ff00]5[-]秒。	9	5580	11	9	1	0	-1	0	3	40	0	1000	0	201	410	-1	0	301	10	-1	0	-1	-1	-1	-1	-1	-1	-1	76	76	-1	-1	-1	-1	-1	-1	1	0	3	-1
30610	画地为牢	306	神仙姐姐遗卷所载武功，似是来自逍遥派的某种机关学。放置一个[a2ff00]1[-]秒后生效的陷阱，敌人靠近时触发。陷阱对[a2ff00]4[-]步范围内所有敌人造成[a2ff00]300%[-]的外功攻击伤害，并使敌人减速[a2ff00]60%[-]，减速效果持续[a2ff00]5[-]秒。	10	6030	11	10	1	0	-1	0	3	40	0	1000	0	201	580	-1	0	301	10	-1	0	-1	-1	-1	-1	-1	-1	-1	76	76	-1	-1	-1	-1	-1	-1	1	0	3	-1
30701	以退为进	307	段延庆肢残后所创，旨在一击毙命。击退[a2ff00]5[-]步范围内所有敌人，使其昏迷[a2ff00]3[-]秒。向后方跳跃。	1	2190	12	4	1000	180	180	0	5	42	0	1100	0	201	20	-1	0	301	3	-1	0	-1	183801	113701	43701	-1	-1	-1	78	78	-1	-1	-1	-1	-1	-1	3	0	0	-1
30702	以退为进	307	段延庆肢残后所创，旨在一击毙命。击退[a2ff00]5[-]步范围内所有敌人，使其昏迷[a2ff00]4[-]秒。向后方跳跃。	2	2680	12	4	1000	180	180	0	5	42	0	1100	0	201	30	-1	0	301	3	-1	0	-1	183802	113702	43702	-1	-1	-1	78	78	-1	-1	-1	-1	-1	-1	3	0	0	-1
30703	以退为进	307	段延庆肢残后所创，旨在一击毙命。击退[a2ff00]5[-]步范围内所有敌人，使其昏迷[a2ff00]5[-]秒。向后方跳跃。	3	3170	12	4	1000	180	180	0	5	42	0	1100	0	201	60	-1	0	301	3	-1	0	-1	183803	113703	43703	-1	-1	-1	78	78	-1	-1	-1	-1	-1	-1	3	0	0	-1
30704	以退为进	307	段延庆肢残后所创，旨在一击毙命。击退[a2ff00]5[-]步范围内所有敌人，使其昏迷[a2ff00]5[-]秒。向后方跳跃，并提升自身防御[a2ff00]10%[-]，持续[a2ff00]2[-]秒。	4	3660	12	4	1000	180	180	0	5	42	0	1100	0	201	90	-1	0	301	3	-1	0	-1	183804	113704	43704	-1	-1	-1	78	78	-1	-1	-1	-1	-1	-1	3	0	0	-1
30705	以退为进	307	段延庆肢残后所创，旨在一击毙命。击退[a2ff00]5[-]步范围内所有敌人，使其昏迷[a2ff00]5[-]秒。向后方跳跃，并提升自身防御[a2ff00]20%[-]，持续[a2ff00]2[-]秒。	5	4140	12	4	1000	180	180	0	5	42	0	1100	0	201	140	-1	0	301	3	-1	0	-1	183805	113705	43705	-1	-1	-1	78	78	-1	-1	-1	-1	-1	-1	3	0	0	-1
30706	以退为进	307	段延庆肢残后所创，旨在一击毙命。击退[a2ff00]5[-]步范围内所有敌人，使其昏迷[a2ff00]5[-]秒。向后方跳跃，并提升自身防御[a2ff00]30%[-]，持续[a2ff00]2.5[-]秒。	6	4630	12	4	1000	180	180	0	5	42	0	1100	0	201	220	-1	0	301	3	-1	0	-1	183806	113706	43706	-1	-1	-1	78	78	-1	-1	-1	-1	-1	-1	3	0	0	-1
30707	以退为进	307	段延庆肢残后所创，旨在一击毙命。击退[a2ff00]5[-]步范围内所有敌人，使其昏迷[a2ff00]5[-]秒。向后方跳跃，并提升自身防御[a2ff00]40%[-]，持续[a2ff00]2.5[-]秒。	7	5120	12	4	1000	180	180	0	5	42	0	1100	0	201	280	-1	0	301	3	-1	0	-1	183807	113707	43707	-1	-1	-1	78	78	-1	-1	-1	-1	-1	-1	3	0	0	-1
30708	以退为进	307	段延庆肢残后所创，旨在一击毙命。击退[a2ff00]5[-]步范围内所有敌人，使其昏迷[a2ff00]5[-]秒。向后方跳跃，并提升自身防御[a2ff00]50%[-]，持续[a2ff00]3[-]秒。	8	5610	12	4	1000	180	180	0	5	42	0	1100	0	201	370	-1	0	301	3	-1	0	-1	183808	113708	43708	-1	-1	-1	78	78	-1	-1	-1	-1	-1	-1	3	0	0	-1
30709	以退为进	307	段延庆肢残后所创，旨在一击毙命。击退[a2ff00]5[-]步范围内所有敌人，使其昏迷[a2ff00]5[-]秒。向后方跳跃，并提升自身防御[a2ff00]60%[-]，持续[a2ff00]3[-]秒。	9	6090	12	4	1000	180	180	0	5	42	0	1100	0	201	550	-1	0	301	3	-1	0	-1	183809	113709	43709	-1	-1	-1	78	78	-1	-1	-1	-1	-1	-1	3	0	0	-1
30710	以退为进	307	段延庆肢残后所创，旨在一击毙命。击退[a2ff00]5[-]步范围内所有敌人，使其昏迷[a2ff00]5[-]秒。向后方跳跃，并提升自身防御[a2ff00]75%[-]，持续[a2ff00]3.5[-]秒。	10	6580	12	4	1000	180	180	0	5	42	0	1100	0	201	770	-1	0	301	3	-1	0	-1	183810	113710	43710	-1	-1	-1	78	78	-1	-1	-1	-1	-1	-1	3	0	0	-1
30801	无所遁形	308	段誉从凌波微步中悟出的步法，经王语嫣点拨后攻击方面有所增强。标记[a2ff00]5[-]步范围内所有敌人，被标记的敌人在之后的[a2ff00]10[-]秒内额外承受[a2ff00]10%[-]的伤害。	1	3660	0	10	-1	-1	-1	0	5	41	0	1100	0	201	40	-1	0	301	12	-1	0	30101	13602	-1	-1	-1	-1	-1	77	77	-1	-1	-1	-1	-1	-1	-1	-1	-1	-1
30802	无所遁形	308	段誉从凌波微步中悟出的步法，经王语嫣点拨后攻击方面有所增强。标记[a2ff00]5[-]步范围内所有敌人，被标记的敌人在之后的[a2ff00]10[-]秒内额外承受[a2ff00]10.5%[-]的伤害。	2	4470	0	10	-1	-1	-1	0	5	41	0	1100	0	201	60	-1	0	301	12	-1	0	30101	13603	-1	-1	-1	-1	-1	77	77	-1	-1	-1	-1	-1	-1	-1	-1	-1	-1
30803	无所遁形	308	段誉从凌波微步中悟出的步法，经王语嫣点拨后攻击方面有所增强。标记[a2ff00]5[-]步范围内所有敌人，被标记的敌人在之后的[a2ff00]10[-]秒内额外承受[a2ff00]11%[-]的伤害。	3	5280	0	10	-1	-1	-1	0	5	41	0	1100	0	201	100	-1	0	301	12	-1	0	30101	13604	-1	-1	-1	-1	-1	77	77	-1	-1	-1	-1	-1	-1	-1	-1	-1	-1
30804	无所遁形	308	段誉从凌波微步中悟出的步法，经王语嫣点拨后攻击方面有所增强。标记[a2ff00]5[-]步范围内所有敌人，被标记的敌人在之后的[a2ff00]10[-]秒内额外承受[a2ff00]11.5%[-]的伤害。	4	6090	0	10	-1	-1	-1	0	5	41	0	1100	0	201	150	-1	0	301	12	-1	0	30101	13605	-1	-1	-1	-1	-1	77	77	-1	-1	-1	-1	-1	-1	-1	-1	-1	-1
30805	无所遁形	308	段誉从凌波微步中悟出的步法，经王语嫣点拨后攻击方面有所增强。标记[a2ff00]5[-]步范围内所有敌人，被标记的敌人在之后的[a2ff00]10[-]秒内额外承受[a2ff00]12%[-]的伤害。	5	6910	0	10	-1	-1	-1	0	5	41	0	1100	0	201	240	-1	0	301	12	-1	0	30101	13606	-1	-1	-1	-1	-1	77	77	-1	-1	-1	-1	-1	-1	-1	-1	-1	-1
30806	无所遁形	308	段誉从凌波微步中悟出的步法，经王语嫣点拨后攻击方面有所增强。标记[a2ff00]5[-]步范围内所有敌人，被标记的敌人在之后的[a2ff00]10[-]秒内额外承受[a2ff00]12.5%[-]的伤害。	6	7720	0	10	-1	-1	-1	0	5	41	0	1100	0	201	380	-1	0	301	12	-1	0	30101	13607	-1	-1	-1	-1	-1	77	77	-1	-1	-1	-1	-1	-1	-1	-1	-1	-1
30807	无所遁形	308	段誉从凌波微步中悟出的步法，经王语嫣点拨后攻击方面有所增强。标记[a2ff00]5[-]步范围内所有敌人，被标记的敌人在之后的[a2ff00]10[-]秒内额外承受[a2ff00]13.5%[-]的伤害。	7	8530	0	10	-1	-1	-1	0	5	41	0	1100	0	201	490	-1	0	301	12	-1	0	30101	13608	-1	-1	-1	-1	-1	77	77	-1	-1	-1	-1	-1	-1	-1	-1	-1	-1
30808	无所遁形	308	段誉从凌波微步中悟出的步法，经王语嫣点拨后攻击方面有所增强。标记[a2ff00]5[-]步范围内所有敌人，被标记的敌人在之后的[a2ff00]10[-]秒内额外承受[a2ff00]14.5%[-]的伤害。	8	9340	0	10	-1	-1	-1	0	5	41	0	1100	0	201	640	-1	0	301	12	-1	0	30101	13609	-1	-1	-1	-1	-1	77	77	-1	-1	-1	-1	-1	-1	-1	-1	-1	-1
30809	无所遁形	308	段誉从凌波微步中悟出的步法，经王语嫣点拨后攻击方面有所增强。标记[a2ff00]5[-]步范围内所有敌人，被标记的敌人在之后的[a2ff00]10[-]秒内额外承受[a2ff00]15.5%[-]的伤害。	9	10160	0	10	-1	-1	-1	0	5	41	0	1100	0	201	960	-1	0	301	12	-1	0	30101	13610	-1	-1	-1	-1	-1	77	77	-1	-1	-1	-1	-1	-1	-1	-1	-1	-1
30810	无所遁形	308	段誉从凌波微步中悟出的步法，经王语嫣点拨后攻击方面有所增强。标记[a2ff00]5[-]步范围内所有敌人，被标记的敌人在之后的[a2ff00]10[-]秒内额外承受[a2ff00]16.5%[-]的伤害。	10	10970	0	10	-1	-1	-1	0	5	41	0	1100	0	201	1350	-1	0	301	12	-1	0	30101	13611	-1	-1	-1	-1	-1	77	77	-1	-1	-1	-1	-1	-1	-1	-1	-1	-1
40101	逍遥普攻	401	攻击[a2ff00]6[-]步范围内的单个敌人，每秒造成[a2ff00]100%[-]内功攻击伤害。自动连续攻击。	1	0	2	-1	-1	-1	-1	0	6	1	0	2000	0	-1	0	-1	0	301	1	-1	0	40101	104101	-1	-1	-1	-1	-1	17	19	13	100	-1	51	53	54	-1	-1	-1	-1
40201	毁天灭地	402	凝聚北冥真气，以阴柔内力形成巨大冰晶，震击八方。嘲讽全屏范围内所有敌人，造成等同于其生命上限的伤害。对BOSS和玩家无效。	1	0	8	-1	-1	-1	-1	0	10	15	0	4200	0	302	100	-1	0	-1	0	-1	0	-1	24201	24202	-1	-1	-1	-1	24	26	7	100	47	-1	-1	-1	-1	-1	-1	-1
40301	小无相功	403	逍遥派无上内功，鸠摩智曾以此内功催发拈花指。对单个敌人造成[a2ff00]200%[-]的内功攻击伤害。	1	730	6	1	18	43	43	0	6	11	0	1333	0	201	10	-1	0	301	5	-1	0	40101	4301	4302	4303	4304	-1	-1	23	23	-1	0	-1	-1	-1	-1	-1	-1	-1	-1
40302	小无相功	403	逍遥派无上内功，鸠摩智曾以此内功催发拈花指。对单个敌人造成[a2ff00]205%[-]的内功攻击伤害。以内力激发的电弧能在敌人身上弹射[a2ff00]1[-]次，弹射造成[a2ff00]50%[-]内功攻击伤害。	2	890	6	2	18	43	43	0	6	11	0	1333	0	201	20	-1	0	301	5	-1	0	40101	4305	4306	4307	4308	-1	-1	23	23	-1	0	-1	-1	-1	-1	-1	-1	-1	-1
40303	小无相功	403	逍遥派无上内功，鸠摩智曾以此内功催发拈花指。对单个敌人造成[a2ff00]210%[-]的内功攻击伤害。以内力激发的电弧能在敌人身上弹射[a2ff00]1[-]次，弹射造成[a2ff00]50%[-]的内功攻击伤害。	3	1050	6	2	18	43	43	0	6	11	0	1333	0	201	30	-1	0	301	5	-1	0	40101	4309	4310	4311	4312	-1	-1	23	23	-1	0	-1	-1	-1	-1	-1	-1	-1	-1
40304	小无相功	403	逍遥派无上内功，鸠摩智曾以此内功催发拈花指。对单个敌人造成[a2ff00]215%[-]的内功攻击伤害。以内力激发的电弧能在敌人身上弹射[a2ff00]2[-]次，首次弹射造成[a2ff00]50%[-]的内功攻击伤害，每次弹射伤害减少[a2ff00]30%。	4	1220	6	3	18	43	43	0	6	11	0	1333	0	201	40	-1	0	301	5	-1	0	40101	4313	4314	4315	4316	-1	-1	23	23	-1	0	-1	-1	-1	-1	-1	-1	-1	-1
40305	小无相功	403	逍遥派无上内功，鸠摩智曾以此内功催发拈花指。对单个敌人造成[a2ff00]220%[-]的内功攻击伤害。以内力激发的电弧能在敌人身上弹射[a2ff00]2[-]次，首次弹射造成[a2ff00]50%[-]的内功攻击伤害，每次弹射伤害减少[a2ff00]30%。	5	1380	6	3	18	43	43	0	6	11	0	1333	0	201	70	-1	0	301	5	-1	0	40101	4317	4318	4319	4320	-1	-1	23	23	-1	0	-1	-1	-1	-1	-1	-1	-1	-1
40306	小无相功	403	逍遥派无上内功，鸠摩智曾以此内功催发拈花指。对单个敌人造成[a2ff00]225%[-]的内功攻击伤害。以内力激发的电弧能在敌人身上弹射[a2ff00]2[-]次，首次弹射造成[a2ff00]60%[-]的内功攻击伤害，每次弹射伤害减少[a2ff00]30%。	6	1540	6	3	18	43	43	0	6	11	0	1333	0	201	110	-1	0	301	5	-1	0	40101	4321	4322	4323	4324	-1	-1	23	23	-1	0	-1	-1	-1	-1	-1	-1	-1	-1
40307	小无相功	403	逍遥派无上内功，鸠摩智曾以此内功催发拈花指。对单个敌人造成[a2ff00]230%[-]的内功攻击伤害。以内力激发的电弧能在敌人身上弹射[a2ff00]2[-]次，首次弹射造成[a2ff00]60%[-]的内功攻击伤害，每次弹射伤害减少[a2ff00]30%。	7	1700	6	3	18	43	43	0	6	11	0	1333	0	201	140	-1	0	301	5	-1	0	40101	4325	4326	4327	4328	-1	-1	23	23	-1	0	-1	-1	-1	-1	-1	-1	-1	-1
40308	小无相功	403	逍遥派无上内功，鸠摩智曾以此内功催发拈花指。对单个敌人造成[a2ff00]240%[-]的内功攻击伤害。以内力激发的电弧能在敌人身上弹射[a2ff00]2[-]次，首次弹射造成[a2ff00]70%[-]的内功攻击伤害，每次弹射伤害减少[a2ff00]30%。	8	1870	6	3	18	43	43	0	6	11	0	1333	0	201	180	-1	0	301	5	-1	0	40101	4329	4330	4331	4332	-1	-1	23	23	-1	0	-1	-1	-1	-1	-1	-1	-1	-1
40309	小无相功	403	逍遥派无上内功，鸠摩智曾以此内功催发拈花指。对单个敌人造成[a2ff00]250%[-]的内功攻击伤害。以内力激发的电弧能在敌人身上弹射[a2ff00]3[-]次，首次弹射造成[a2ff00]70%[-]的内功攻击伤害，每次弹射伤害减少[a2ff00]30%。	9	2030	6	4	18	43	43	0	6	11	0	1333	0	201	270	-1	0	301	5	-1	0	40101	4333	4334	4335	4336	-1	-1	23	23	-1	0	-1	-1	-1	-1	-1	-1	-1	-1
40310	小无相功	403	逍遥派无上内功，鸠摩智曾以此内功催发拈花指。对单个敌人造成[a2ff00]260%[-]的内功攻击伤害。以内力激发的电弧能在敌人身上弹射[a2ff00]3[-]次，首次弹射造成[a2ff00]70%[-]的内功攻击伤害，每次弹射伤害减少[a2ff00]30%。	10	2190	6	4	18	43	43	0	6	11	0	1333	0	201	390	-1	0	301	5	-1	0	40101	4337	4338	4339	4340	-1	-1	23	23	-1	0	-1	-1	-1	-1	-1	-1	-1	-1
40401	祝融掌	404	李秋水之绝学，将阴柔内力汇聚一点后劈出。喷射一束霜火攻击敌人，造成每秒[a2ff00]300%[-]的内功攻击伤害，持续[a2ff00]3.9[-]秒。并使命中目标减速[a2ff00]30%[-]，持续[a2ff00]3[-]秒。	1	1650	8	-1	-1	-1	-1	0	7	13	0	4999	0	201	50	-1	0	301	15	-1	0	40101	34401	34402	-1	-1	-1	-1	27	29	-1	0	-1	-1	-1	-1	-1	-1	-1	-1
40402	祝融掌	404	李秋水之绝学，将阴柔内力汇聚一点后劈出。喷射一束霜火攻击敌人，造成每秒[a2ff00]320%[-]的内功攻击伤害，持续[a2ff00]3.9[-]秒。并使命中目标减速[a2ff00]30%[-]，持续[a2ff00]3[-]秒。	2	2010	8	-1	-1	-1	-1	0	7	13	0	4999	0	201	80	-1	0	301	15	-1	0	40101	34403	34404	-1	-1	-1	-1	27	29	-1	0	-1	-1	-1	-1	-1	-1	-1	-1
40403	祝融掌	404	李秋水之绝学，将阴柔内力汇聚一点后劈出。喷射一束霜火攻击敌人，造成每秒[a2ff00]340%[-]的内功攻击伤害，持续[a2ff00]3.9[-]秒。并使命中目标减速[a2ff00]30%[-]，持续[a2ff00]3[-]秒。	3	2380	8	-1	-1	-1	-1	0	7	13	0	4999	0	201	140	-1	0	301	15	-1	0	40101	34405	34406	-1	-1	-1	-1	27	29	-1	0	-1	-1	-1	-1	-1	-1	-1	-1
40404	祝融掌	404	李秋水之绝学，将阴柔内力汇聚一点后劈出。喷射一束霜火攻击敌人，造成每秒[a2ff00]360%[-]的内功攻击伤害，持续[a2ff00]3.9[-]秒。并使命中目标减速[a2ff00]30%[-]，持续[a2ff00]3[-]秒。	4	2740	8	-1	-1	-1	-1	0	7	13	0	4999	0	201	220	-1	0	301	15	-1	0	40101	34407	34408	-1	-1	-1	-1	27	29	-1	0	-1	-1	-1	-1	-1	-1	-1	-1
40405	祝融掌	404	李秋水之绝学，将阴柔内力汇聚一点后劈出。喷射一束霜火攻击敌人，造成每秒[a2ff00]380%[-]的内功攻击伤害，持续[a2ff00]3.9[-]秒。并使命中目标减速[a2ff00]30%[-]，持续[a2ff00]3[-]秒。	5	3110	8	-1	-1	-1	-1	0	7	13	0	4999	0	201	350	-1	0	301	15	-1	0	40101	34409	34410	-1	-1	-1	-1	27	29	-1	0	-1	-1	-1	-1	-1	-1	-1	-1
40406	祝融掌	404	李秋水之绝学，将阴柔内力汇聚一点后劈出。喷射一束霜火攻击敌人，造成每秒[a2ff00]400%[-]的内功攻击伤害，持续[a2ff00]3.9[-]秒。并使命中目标减速[a2ff00]30%[-]，持续[a2ff00]3[-]秒。	6	3480	8	-1	-1	-1	-1	0	7	13	0	4999	0	201	550	-1	0	301	15	-1	0	40101	34411	34412	-1	-1	-1	-1	27	29	-1	0	-1	-1	-1	-1	-1	-1	-1	-1
40407	祝融掌	404	李秋水之绝学，将阴柔内力汇聚一点后劈出。喷射一束霜火攻击敌人，造成每秒[a2ff00]420%[-]的内功攻击伤害，持续[a2ff00]3.9[-]秒。并使命中目标减速[a2ff00]30%[-]，持续[a2ff00]3[-]秒。	7	3840	8	-1	-1	-1	-1	0	7	13	0	4999	0	201	700	-1	0	301	15	-1	0	40101	34413	34414	-1	-1	-1	-1	27	29	-1	0	-1	-1	-1	-1	-1	-1	-1	-1
40408	祝融掌	404	李秋水之绝学，将阴柔内力汇聚一点后劈出。喷射一束霜火攻击敌人，造成每秒[a2ff00]450%[-]的内功攻击伤害，持续[a2ff00]3.9[-]秒。并使命中目标减速[a2ff00]30%[-]，持续[a2ff00]3[-]秒。	8	4210	8	-1	-1	-1	-1	0	7	13	0	4999	0	201	920	-1	0	301	15	-1	0	40101	34415	34416	-1	-1	-1	-1	27	29	-1	0	-1	-1	-1	-1	-1	-1	-1	-1
40409	祝融掌	404	李秋水之绝学，将阴柔内力汇聚一点后劈出。喷射一束霜火攻击敌人，造成每秒[a2ff00]470%[-]的内功攻击伤害，持续[a2ff00]3.9[-]秒。并使命中目标减速[a2ff00]30%[-]，持续[a2ff00]3[-]秒。	9	4570	8	-1	-1	-1	-1	0	7	13	0	4999	0	201	1370	-1	0	301	15	-1	0	40101	34417	34418	-1	-1	-1	-1	27	29	-1	0	-1	-1	-1	-1	-1	-1	-1	-1
40410	祝融掌	404	李秋水之绝学，将阴柔内力汇聚一点后劈出。喷射一束霜火攻击敌人，造成每秒[a2ff00]500%[-]的内功攻击伤害，持续[a2ff00]3.9[-]秒。并使命中目标减速[a2ff00]30%[-]，持续[a2ff00]3[-]秒。	10	4940	8	-1	-1	-1	-1	0	7	13	0	4999	0	201	1930	-1	0	301	15	-1	0	40101	34419	34420	-1	-1	-1	-1	27	29	-1	0	-1	-1	-1	-1	-1	-1	-1	-1
40501	北冥神功	405	源自庄子《逍遥游》，吸收敌方内力汇聚于气海。对单个目标造成[a2ff00]120%[-]的内功攻击伤害，并使敌人冻结[a2ff00]3[-]秒。	1	1100	0	-1	-1	-1	-1	0	6	12	0	1000	0	201	20	-1	0	301	8	-1	0	40101	4501	114501	-1	-1	-1	-1	130	130	-1	0	-1	-1	-1	-1	-1	-1	-1	-1
40502	北冥神功	405	源自庄子《逍遥游》，吸收敌方内力汇聚于气海。对单个目标造成[a2ff00]125%[-]的内功攻击伤害，并使敌人冻结[a2ff00]3[-]秒。	2	1340	0	-1	-1	-1	-1	0	6	12	0	1000	0	201	30	-1	0	301	8	-1	0	40101	4502	114502	-1	-1	-1	-1	130	130	-1	0	-1	-1	-1	-1	-1	-1	-1	-1
40503	北冥神功	405	源自庄子《逍遥游》，吸收敌方内力汇聚于气海。对单个目标造成[a2ff00]130%[-]的内功攻击伤害，并使敌人冻结[a2ff00]3.5[-]秒。	3	1580	0	-1	-1	-1	-1	0	6	12	0	1000	0	201	60	-1	0	301	8	-1	0	40101	4503	114503	-1	-1	-1	-1	130	130	-1	0	-1	-1	-1	-1	-1	-1	-1	-1
40504	北冥神功	405	源自庄子《逍遥游》，吸收敌方内力汇聚于气海。对单个目标造成[a2ff00]140%[-]的内功攻击伤害，并使敌人冻结[a2ff00]3.5[-]秒。	4	1830	0	-1	-1	-1	-1	0	6	12	0	1000	0	201	90	-1	0	301	8	-1	0	40101	4504	114504	-1	-1	-1	-1	130	130	-1	0	-1	-1	-1	-1	-1	-1	-1	-1
40505	北冥神功	405	源自庄子《逍遥游》，吸收敌方内力汇聚于气海。对单个目标造成[a2ff00]150%[-]的内功攻击伤害，并使敌人冻结[a2ff00]4[-]秒。	5	2070	0	-1	-1	-1	-1	0	6	12	0	1000	0	201	140	-1	0	301	8	-1	0	40101	4505	114505	-1	-1	-1	-1	130	130	-1	0	-1	-1	-1	-1	-1	-1	-1	-1
40506	北冥神功	405	源自庄子《逍遥游》，吸收敌方内力汇聚于气海。对单个目标造成[a2ff00]160%[-]的内功攻击伤害，并使敌人冻结[a2ff00]4[-]秒。	6	2320	0	-1	-1	-1	-1	0	6	12	0	1000	0	201	220	-1	0	301	8	-1	0	40101	4506	114506	-1	-1	-1	-1	130	130	-1	0	-1	-1	-1	-1	-1	-1	-1	-1
40507	北冥神功	405	源自庄子《逍遥游》，吸收敌方内力汇聚于气海。对单个目标造成[a2ff00]170%[-]的内功攻击伤害，并使敌人冻结[a2ff00]4.5[-]秒。	7	2560	0	-1	-1	-1	-1	0	6	12	0	1000	0	201	280	-1	0	301	8	-1	0	40101	4507	114507	-1	-1	-1	-1	130	130	-1	0	-1	-1	-1	-1	-1	-1	-1	-1
40508	北冥神功	405	源自庄子《逍遥游》，吸收敌方内力汇聚于气海。对单个目标造成[a2ff00]180%[-]的内功攻击伤害，并使敌人冻结[a2ff00]4.5[-]秒。	8	2800	0	-1	-1	-1	-1	0	6	12	0	1000	0	201	370	-1	0	301	8	-1	0	40101	4508	114508	-1	-1	-1	-1	130	130	-1	0	-1	-1	-1	-1	-1	-1	-1	-1
40509	北冥神功	405	源自庄子《逍遥游》，吸收敌方内力汇聚于气海。对单个目标造成[a2ff00]190%[-]的内功攻击伤害，并使敌人冻结[a2ff00]5[-]秒。	9	3050	0	-1	-1	-1	-1	0	6	12	0	1000	0	201	550	-1	0	301	8	-1	0	40101	4509	114509	-1	-1	-1	-1	130	130	-1	0	-1	-1	-1	-1	-1	-1	-1	-1
40510	北冥神功	405	源自庄子《逍遥游》，吸收敌方内力汇聚于气海。对单个目标造成[a2ff00]200%[-]的内功攻击伤害，并使敌人冻结[a2ff00]5[-]秒。	10	3290	0	-1	-1	-1	-1	0	6	12	0	1000	0	201	770	-1	0	301	8	-1	0	40101	4510	114510	-1	-1	-1	-1	130	130	-1	0	-1	-1	-1	-1	-1	-1	-1	-1
40601	寒霜怒雪	406	相传为无崖子小师妹所创，令敌人如坠冰窖、寒冷异常。天降寒冰轰击[a2ff00]5[-]步范围内所有敌人，造成每秒[a2ff00]125%[-]的内功攻击伤害，持续[a2ff00]5[-]秒，并使其减速[a2ff00]80%[-]，持续[a2ff00]5[-]秒。	1	2010	8	-1	-1	-1	-1	0	5	43	0	6000	0	201	50	-1	0	301	12	-1	0	40101	34601	34602	-1	-1	-1	-1	79	84	-1	-1	-1	-1	-1	-1	1	0	5	-1
40602	寒霜怒雪	406	相传为无崖子小师妹所创，令敌人如坠冰窖、寒冷异常。天降寒冰轰击[a2ff00]5[-]步范围内所有敌人，造成每秒[a2ff00]130%[-]的内功攻击伤害，持续[a2ff00]5[-]秒，并使其减速[a2ff00]80%[-]，持续[a2ff00]5[-]秒。	2	2460	8	-1	-1	-1	-1	0	5	43	0	6000	0	201	80	-1	0	301	12	-1	0	40101	34603	34604	-1	-1	-1	-1	79	84	-1	-1	-1	-1	-1	-1	1	0	5	-1
40603	寒霜怒雪	406	相传为无崖子小师妹所创，令敌人如坠冰窖、寒冷异常。天降寒冰轰击[a2ff00]5[-]步范围内所有敌人，造成每秒[a2ff00]135%[-]的内功攻击伤害，持续[a2ff00]5[-]秒，并使其减速[a2ff00]80%[-]，持续[a2ff00]5[-]秒。	3	2900	8	-1	-1	-1	-1	0	5	43	0	6000	0	201	140	-1	0	301	12	-1	0	40101	34605	34606	-1	-1	-1	-1	79	84	-1	-1	-1	-1	-1	-1	1	0	5	-1
40604	寒霜怒雪	406	相传为无崖子小师妹所创，令敌人如坠冰窖、寒冷异常。天降寒冰轰击[a2ff00]5[-]步范围内所有敌人，造成每秒[a2ff00]140%[-]的内功攻击伤害，持续[a2ff00]5[-]秒，并使其减速[a2ff00]85%[-]，持续[a2ff00]5[-]秒。	4	3350	8	-1	-1	-1	-1	0	5	43	0	6000	0	201	220	-1	0	301	12	-1	0	40101	34607	34608	-1	-1	-1	-1	79	84	-1	-1	-1	-1	-1	-1	1	0	5	-1
40605	寒霜怒雪	406	相传为无崖子小师妹所创，令敌人如坠冰窖、寒冷异常。天降寒冰轰击[a2ff00]5[-]步范围内所有敌人，造成每秒[a2ff00]150%[-]的内功攻击伤害，持续[a2ff00]5[-]秒，并使其减速[a2ff00]85%[-]，持续[a2ff00]5[-]秒。	5	3800	8	-1	-1	-1	-1	0	5	43	0	6000	0	201	350	-1	0	301	12	-1	0	40101	34609	34610	-1	-1	-1	-1	79	84	-1	-1	-1	-1	-1	-1	1	0	5	-1
40606	寒霜怒雪	406	相传为无崖子小师妹所创，令敌人如坠冰窖、寒冷异常。天降寒冰轰击[a2ff00]5[-]步范围内所有敌人，造成每秒[a2ff00]160%[-]的内功攻击伤害，持续[a2ff00]5[-]秒，并使其减速[a2ff00]85%[-]，持续[a2ff00]5[-]秒。	6	4240	8	-1	-1	-1	-1	0	5	43	0	7000	0	201	550	-1	0	301	12	-1	0	40101	34611	34612	-1	-1	-1	-1	92	84	-1	-1	-1	-1	-1	-1	1	0	5	-1
40607	寒霜怒雪	406	相传为无崖子小师妹所创，令敌人如坠冰窖、寒冷异常。天降寒冰轰击[a2ff00]5[-]步范围内所有敌人，造成每秒[a2ff00]170%[-]的内功攻击伤害，持续[a2ff00]7[-]秒，并使其减速[a2ff00]85%[-]，持续[a2ff00]5[-]秒。	7	4690	8	-1	-1	-1	-1	0	5	43	0	8000	0	201	700	-1	0	301	12	-1	0	40101	34613	34614	-1	-1	-1	-1	94	84	-1	-1	-1	-1	-1	-1	1	0	5	-1
40608	寒霜怒雪	406	相传为无崖子小师妹所创，令敌人如坠冰窖、寒冷异常。天降寒冰轰击[a2ff00]5[-]步范围内所有敌人，造成每秒[a2ff00]180%[-]的内功攻击伤害，持续[a2ff00]8[-]秒，并使其减速[a2ff00]90%[-]，持续[a2ff00]5[-]秒。	8	5140	8	-1	-1	-1	-1	0	5	43	0	9000	0	201	920	-1	0	301	12	-1	0	40101	34615	34616	-1	-1	-1	-1	96	84	-1	-1	-1	-1	-1	-1	1	0	5	-1
40609	寒霜怒雪	406	相传为无崖子小师妹所创，令敌人如坠冰窖、寒冷异常。天降寒冰轰击[a2ff00]5[-]步范围内所有敌人，造成每秒[a2ff00]190%[-]的内功攻击伤害，持续[a2ff00]9[-]秒，并使其减速[a2ff00]90%[-]，持续[a2ff00]5[-]秒。	9	5580	8	-1	-1	-1	-1	0	5	43	0	10000	0	201	1370	-1	0	301	12	-1	0	40101	34617	34618	-1	-1	-1	-1	98	84	-1	-1	-1	-1	-1	-1	1	0	5	-1
40610	寒霜怒雪	406	相传为无崖子小师妹所创，令敌人如坠冰窖、寒冷异常。天降寒冰轰击[a2ff00]5[-]步范围内所有敌人，造成每秒[a2ff00]200%[-]的内功攻击伤害，持续[a2ff00]10[-]秒，并使其减速[a2ff00]90%[-]，持续[a2ff00]5[-]秒。	10	6030	8	-1	-1	-1	-1	0	5	43	0	11000	0	201	1930	-1	0	301	12	-1	0	40101	34619	34620	-1	-1	-1	-1	100	84	-1	-1	-1	-1	-1	-1	1	0	5	-1
40701	凌波微步	407	按《易经》六十四卦方位行进，步法飘忽灵动。将你瞬间传送到前方[a2ff00]7[-]步的目标位置。	1	2190	12	7	100	0	0	0	1	45	0	1600	0	201	20	-1	0	301	3	-1	0	-1	-1	-1	-1	-1	-1	-1	81	82	-1	-1	-1	-1	-1	-1	3	0	180	-1
40702	凌波微步	407	按《易经》六十四卦方位行进，步法飘忽灵动。将你瞬间传送到前方[a2ff00]7[-]步的目标位置。并使[a2ff00]3[-]秒内防御增加[a2ff00]5%[-]。	2	2680	12	7	100	0	0	0	1	45	0	1600	0	201	30	-1	0	301	3	-1	0	-1	44502	-1	-1	-1	-1	-1	81	82	-1	-1	-1	-1	-1	-1	3	0	180	-1
40703	凌波微步	407	按《易经》六十四卦方位行进，步法飘忽灵动。将你瞬间传送到前方[a2ff00]7[-]步的目标位置。并使[a2ff00]3[-]秒内防御增加[a2ff00]10%[-]。	3	3170	12	7	100	0	0	0	1	45	0	1600	0	201	60	-1	0	301	3	-1	0	-1	44503	-1	-1	-1	-1	-1	81	82	-1	-1	-1	-1	-1	-1	3	0	180	-1
40704	凌波微步	407	按《易经》六十四卦方位行进，步法飘忽灵动。将你瞬间传送到前方[a2ff00]7[-]步的目标位置。并使[a2ff00]3[-]秒内防御增加[a2ff00]15%[-]。	4	3660	12	7	100	0	0	0	1	45	0	1600	0	201	90	-1	0	301	3	-1	0	-1	44504	-1	-1	-1	-1	-1	81	82	-1	-1	-1	-1	-1	-1	3	0	180	-1
40705	凌波微步	407	按《易经》六十四卦方位行进，步法飘忽灵动。将你瞬间传送到前方[a2ff00]7[-]步的目标位置。并使[a2ff00]3[-]秒内防御增加[a2ff00]20%[-]。	5	4140	12	7	100	0	0	0	1	45	0	1600	0	201	140	-1	0	301	3	-1	0	-1	44505	-1	-1	-1	-1	-1	81	82	-1	-1	-1	-1	-1	-1	3	0	180	-1
40706	凌波微步	407	按《易经》六十四卦方位行进，步法飘忽灵动。将你瞬间传送到前方[a2ff00]7[-]步的目标位置。并使[a2ff00]3[-]秒内防御增加[a2ff00]25%[-]。	6	4630	12	7	100	0	0	0	1	45	0	1600	0	201	220	-1	0	301	3	-1	0	-1	44506	-1	-1	-1	-1	-1	81	82	-1	-1	-1	-1	-1	-1	3	0	180	-1
40707	凌波微步	407	按《易经》六十四卦方位行进，步法飘忽灵动。将你瞬间传送到前方[a2ff00]7[-]步的目标位置。并使[a2ff00]3[-]秒内防御增加[a2ff00]30%[-]。	7	5120	12	7	100	0	0	0	1	45	0	1600	0	201	280	-1	0	301	3	-1	0	-1	44507	-1	-1	-1	-1	-1	81	82	-1	-1	-1	-1	-1	-1	3	0	180	-1
40708	凌波微步	407	按《易经》六十四卦方位行进，步法飘忽灵动。将你瞬间传送到前方[a2ff00]7[-]步的目标位置。并使[a2ff00]3[-]秒内防御增加[a2ff00]35%[-]。	8	5610	12	7	100	0	0	0	1	45	0	1600	0	201	370	-1	0	301	3	-1	0	-1	44508	-1	-1	-1	-1	-1	81	82	-1	-1	-1	-1	-1	-1	3	0	180	-1
40709	凌波微步	407	按《易经》六十四卦方位行进，步法飘忽灵动。将你瞬间传送到前方[a2ff00]7[-]步的目标位置。并使[a2ff00]3[-]秒内防御增加[a2ff00]40%[-]。	9	6090	12	7	100	0	0	0	1	45	0	1600	0	201	550	-1	0	301	3	-1	0	-1	44509	-1	-1	-1	-1	-1	81	82	-1	-1	-1	-1	-1	-1	3	0	180	-1
40710	凌波微步	407	按《易经》六十四卦方位行进，步法飘忽灵动。将你瞬间传送到前方[a2ff00]7[-]步的目标位置。并使[a2ff00]3[-]秒内防御增加[a2ff00]45%[-]。	10	6580	12	7	100	0	0	0	1	45	0	1600	0	201	770	-1	0	301	3	-1	0	-1	44510	-1	-1	-1	-1	-1	81	82	-1	-1	-1	-1	-1	-1	3	0	180	-1
40801	寒冰镜	408	以内力凝成冰镜，聪辩先生苏星河曾以此防御化功大法。激活寒冰屏障环绕你的周围，提高[a2ff00]30%[-]的防御，持续[a2ff00]10[-]秒。同时令[a2ff00]4[-]步范围内的攻击者减速[a2ff00]50%[-]，持续[a2ff00]5[-]秒。	1	3660	0	-1	-1	-1	-1	0	1	44	0	1200	0	201	20	-1	0	301	10	-1	0	-1	24701	44701	214701	-1	-1	-1	80	80	-1	-1	-1	-1	-1	-1	-1	-1	-1	-1
40802	寒冰镜	408	以内力凝成冰镜，聪辩先生苏星河曾以此防御化功大法。激活寒冰屏障环绕你的周围，提高[a2ff00]33%[-]的防御，持续[a2ff00]10[-]秒。同时令[a2ff00]4[-]步范围内的攻击者减速[a2ff00]50%[-]，持续[a2ff00]5[-]秒。	2	4470	0	-1	-1	-1	-1	0	1	44	0	1200	0	201	30	-1	0	301	10	-1	0	-1	24702	44703	214702	-1	-1	-1	80	80	-1	-1	-1	-1	-1	-1	-1	-1	-1	-1
40803	寒冰镜	408	以内力凝成冰镜，聪辩先生苏星河曾以此防御化功大法。激活寒冰屏障环绕你的周围，提高[a2ff00]36%[-]的防御，持续[a2ff00]10[-]秒。同时令[a2ff00]4[-]步范围内的攻击者减速[a2ff00]50%[-]，持续[a2ff00]5[-]秒。	3	5280	0	-1	-1	-1	-1	0	1	44	0	1200	0	201	40	-1	0	301	10	-1	0	-1	24703	44705	214703	-1	-1	-1	80	80	-1	-1	-1	-1	-1	-1	-1	-1	-1	-1
40804	寒冰镜	408	以内力凝成冰镜，聪辩先生苏星河曾以此防御化功大法。激活寒冰屏障环绕你的周围，提高[a2ff00]39%[-]的防御，持续[a2ff00]10[-]秒。同时令[a2ff00]4[-]步范围内的攻击者减速[a2ff00]50%[-]，持续[a2ff00]5[-]秒。	4	6090	0	-1	-1	-1	-1	0	1	44	0	1200	0	201	60	-1	0	301	10	-1	0	-1	24704	44707	214704	-1	-1	-1	80	80	-1	-1	-1	-1	-1	-1	-1	-1	-1	-1
40805	寒冰镜	408	以内力凝成冰镜，聪辩先生苏星河曾以此防御化功大法。激活寒冰屏障环绕你的周围，提高[a2ff00]42%[-]的防御，持续[a2ff00]10[-]秒。同时令[a2ff00]4[-]步范围内的攻击者减速[a2ff00]50%[-]，持续[a2ff00]5[-]秒。	5	6910	0	-1	-1	-1	-1	0	1	44	0	1200	0	201	100	-1	0	301	10	-1	0	-1	24705	44709	214705	-1	-1	-1	80	80	-1	-1	-1	-1	-1	-1	-1	-1	-1	-1
40806	寒冰镜	408	以内力凝成冰镜，聪辩先生苏星河曾以此防御化功大法。激活寒冰屏障环绕你的周围，提高[a2ff00]45%[-]的防御，持续[a2ff00]10[-]秒。同时令[a2ff00]4[-]步范围内的攻击者减速[a2ff00]50%[-]，持续[a2ff00]5[-]秒。	6	7720	0	-1	-1	-1	-1	0	1	44	0	1200	0	201	160	-1	0	301	10	-1	0	-1	24706	44711	214706	-1	-1	-1	80	80	-1	-1	-1	-1	-1	-1	-1	-1	-1	-1
40807	寒冰镜	408	以内力凝成冰镜，聪辩先生苏星河曾以此防御化功大法。激活寒冰屏障环绕你的周围，提高[a2ff00]48%[-]的防御，持续[a2ff00]10[-]秒。同时令[a2ff00]4[-]步范围内的攻击者减速[a2ff00]50%[-]，持续[a2ff00]5[-]秒。	7	8530	0	-1	-1	-1	-1	0	1	44	0	1200	0	201	210	-1	0	301	10	-1	0	-1	24707	44713	214707	-1	-1	-1	80	80	-1	-1	-1	-1	-1	-1	-1	-1	-1	-1
40808	寒冰镜	408	以内力凝成冰镜，聪辩先生苏星河曾以此防御化功大法。激活寒冰屏障环绕你的周围，提高[a2ff00]54%[-]的防御，持续[a2ff00]10[-]秒。同时令[a2ff00]4[-]步范围内的攻击者减速[a2ff00]50%[-]，持续[a2ff00]5[-]秒。	8	9340	0	-1	-1	-1	-1	0	1	44	0	1200	0	201	280	-1	0	301	10	-1	0	-1	24708	44715	214708	-1	-1	-1	80	80	-1	-1	-1	-1	-1	-1	-1	-1	-1	-1
40809	寒冰镜	408	以内力凝成冰镜，聪辩先生苏星河曾以此防御化功大法。激活寒冰屏障环绕你的周围，提高[a2ff00]60%[-]的防御，持续[a2ff00]10[-]秒。同时令[a2ff00]4[-]步范围内的攻击者减速[a2ff00]50%[-]，持续[a2ff00]5[-]秒。	9	10160	0	-1	-1	-1	-1	0	1	44	0	1200	0	201	410	-1	0	301	10	-1	0	-1	24709	44717	214709	-1	-1	-1	80	80	-1	-1	-1	-1	-1	-1	-1	-1	-1	-1
40810	寒冰镜	408	以内力凝成冰镜，聪辩先生苏星河曾以此防御化功大法。激活寒冰屏障环绕你的周围，提高[a2ff00]66%[-]的防御，持续[a2ff00]10[-]秒。同时令[a2ff00]4[-]步范围内的攻击者减速[a2ff00]50%[-]，持续[a2ff00]5[-]秒。	10	10970	0	-1	-1	-1	-1	0	1	44	0	1200	0	201	580	-1	0	301	10	-1	0	-1	24710	44719	214710	-1	-1	-1	80	80	-1	-1	-1	-1	-1	-1	-1	-1	-1	-1
50001	动物型伙伴技能（物理普攻）	500	动物型伙伴技能	1	0	0	-1	-1	-1	-1	0	2	47	0	1000	0	-1	0	-1	0	-1	0	-1	0	-1	5001	-1	-1	-1	-1	-1	141	141	-1	0	-1	-1	-1	-1	-1	-1	-1	-1
50002	动物型伙伴技能（法力普攻）	500	动物型伙伴技能	1	0	0	-1	-1	-1	-1	0	2	47	0	1000	0	-1	0	-1	0	-1	0	-1	0	-1	5001	-1	-1	-1	-1	-1	142	142	-1	0	-1	-1	-1	-1	-1	-1	-1	-1
50100	爪击1级	501	造成[a2ff00]90%[-]的伙伴攻击伤害，冷却[a2ff00]8[-]秒。	1	0	0	-1	-1	-1	-1	0	2	48	0	1000	0	-1	0	-1	0	-1	0	-1	0	-1	5010	-1	-1	-1	-1	-1	9	9	-1	0	-1	-1	-1	-1	-1	-1	-1	-1
50101	爪击2级	501	造成[a2ff00]150%[-]的伙伴攻击伤害，冷却[a2ff00]8[-]秒。	2	0	0	-1	-1	-1	-1	0	2	48	0	1000	0	-1	0	-1	0	-1	0	-1	0	-1	5011	-1	-1	-1	-1	-1	9	9	-1	0	-1	-1	-1	-1	-1	-1	-1	-1
50102	爪击3级	501	造成[a2ff00]200%[-]的伙伴攻击伤害，冷却[a2ff00]8[-]秒。	3	0	0	-1	-1	-1	-1	0	2	48	0	1000	0	-1	0	-1	0	-1	0	-1	0	-1	5012	-1	-1	-1	-1	-1	9	9	-1	0	-1	-1	-1	-1	-1	-1	-1	-1
50103	爪击4级	501	造成[a2ff00]250%[-]的伙伴攻击伤害，冷却[a2ff00]8[-]秒。	4	0	0	-1	-1	-1	-1	0	2	48	0	1000	0	-1	0	-1	0	-1	0	-1	0	-1	5013	-1	-1	-1	-1	-1	9	9	-1	0	-1	-1	-1	-1	-1	-1	-1	-1
50104	爪击5级	501	造成[a2ff00]300%[-]的伙伴攻击伤害，冷却[a2ff00]8[-]秒。	5	0	0	-1	-1	-1	-1	0	2	48	0	1000	0	-1	0	-1	0	-1	0	-1	0	-1	5014	-1	-1	-1	-1	-1	9	9	-1	0	-1	-1	-1	-1	-1	-1	-1	-1
50200	淬毒1级	502	造成[a2ff00]50%[-]的伙伴攻击伤害，并每秒造成[a2ff00]100[-]点伤害，持续[a2ff00]3[-]秒，冷却[a2ff00]8[-]秒。	1	0	0	-1	-1	-1	-1	0	2	49	0	1000	0	-1	0	-1	0	-1	0	-1	0	-1	5020	65020	-1	-1	-1	-1	9	9	-1	0	-1	-1	-1	-1	-1	-1	-1	-1
50201	淬毒2级	502	造成[a2ff00]90%[-]的伙伴攻击伤害，并每秒造成[a2ff00]300[-]点伤害，持续[a2ff00]3[-]秒，冷却[a2ff00]8[-]秒。	2	0	0	-1	-1	-1	-1	0	2	49	0	1000	0	-1	0	-1	0	-1	0	-1	0	-1	5021	65021	-1	-1	-1	-1	9	9	-1	0	-1	-1	-1	-1	-1	-1	-1	-1
50202	淬毒3级	502	造成[a2ff00]120%[-]的伙伴攻击伤害，并每秒造成[a2ff00]500[-]点伤害，持续[a2ff00]4[-]秒，冷却[a2ff00]8[-]秒。	3	0	0	-1	-1	-1	-1	0	2	49	0	1000	0	-1	0	-1	0	-1	0	-1	0	-1	5022	65022	-1	-1	-1	-1	9	9	-1	0	-1	-1	-1	-1	-1	-1	-1	-1
50203	淬毒4级	502	造成[a2ff00]170%[-]的伙伴攻击伤害，并每秒造成[a2ff00]700[-]点伤害，持续[a2ff00]5[-]秒，冷却[a2ff00]8[-]秒。	4	0	0	-1	-1	-1	-1	0	2	49	0	1000	0	-1	0	-1	0	-1	0	-1	0	-1	5023	65023	-1	-1	-1	-1	9	9	-1	0	-1	-1	-1	-1	-1	-1	-1	-1
50204	淬毒5级	502	造成[a2ff00]220%[-]的伙伴攻击伤害，并每秒造成[a2ff00]1000[-]点伤害，持续[a2ff00]6[-]秒，冷却[a2ff00]8[-]秒。	5	0	0	-1	-1	-1	-1	0	2	49	0	1000	0	-1	0	-1	0	-1	0	-1	0	-1	5024	65024	-1	-1	-1	-1	9	9	-1	0	-1	-1	-1	-1	-1	-1	-1	-1
50300	削铁1级	503	造成[a2ff00]50%[-]的伙伴攻击伤害，并减少目标[a2ff00]100[-]防御，持续[a2ff00]3[-]秒，冷却[a2ff00]9[-]秒。	1	0	0	-1	-1	-1	-1	0	2	50	0	1000	0	-1	0	-1	0	-1	0	-1	0	-1	5030	45030	-1	-1	-1	-1	9	9	-1	0	-1	-1	-1	-1	-1	-1	-1	-1
50301	削铁2级	503	造成[a2ff00]80%[-]的伙伴攻击伤害，并减少目标[a2ff00]150[-]防御，持续[a2ff00]3[-]秒，冷却[a2ff00]9[-]秒。	2	0	0	-1	-1	-1	-1	0	2	50	0	1000	0	-1	0	-1	0	-1	0	-1	0	-1	5031	45031	-1	-1	-1	-1	9	9	-1	0	-1	-1	-1	-1	-1	-1	-1	-1
50302	削铁3级	503	造成[a2ff00]120%[-]的伙伴攻击伤害，并减少目标[a2ff00]250[-]防御，持续[a2ff00]3[-]秒，冷却[a2ff00]8[-]秒。	3	0	0	-1	-1	-1	-1	0	2	50	0	1000	0	-1	0	-1	0	-1	0	-1	0	-1	5032	45032	-1	-1	-1	-1	9	9	-1	0	-1	-1	-1	-1	-1	-1	-1	-1
50303	削铁4级	503	造成[a2ff00]150%[-]的伙伴攻击伤害，并减少目标[a2ff00]350[-]防御，持续[a2ff00]3[-]秒，冷却[a2ff00]9[-]秒。	4	0	0	-1	-1	-1	-1	0	2	50	0	1000	0	-1	0	-1	0	-1	0	-1	0	-1	5033	45033	-1	-1	-1	-1	9	9	-1	0	-1	-1	-1	-1	-1	-1	-1	-1
50304	削铁5级	503	造成[a2ff00]200%[-]的伙伴攻击伤害，并减少目标[a2ff00]550[-]防御，持续[a2ff00]3[-]秒，冷却[a2ff00]9[-]秒。	5	0	0	-1	-1	-1	-1	0	2	50	0	1000	0	-1	0	-1	0	-1	0	-1	0	-1	5034	45034	-1	-1	-1	-1	9	9	-1	0	-1	-1	-1	-1	-1	-1	-1	-1
50400	横扫1级	504	造成[a2ff00]50%[-]的伙伴攻击伤害，并击退目标[a2ff00]3[-]步，冷却[a2ff00]10[-]秒。	1	0	0	-1	-1	-1	-1	0	2	51	0	1000	0	-1	0	-1	0	-1	0	-1	0	-1	5040	185040	-1	-1	-1	-1	9	9	-1	0	-1	-1	-1	-1	-1	-1	-1	-1
50401	横扫2级	504	造成[a2ff00]80%[-]的伙伴攻击伤害，并击退目标[a2ff00]3[-]步，冷却[a2ff00]10[-]秒。	2	0	0	-1	-1	-1	-1	0	2	51	0	1000	0	-1	0	-1	0	-1	0	-1	0	-1	5041	185040	-1	-1	-1	-1	9	9	-1	0	-1	-1	-1	-1	-1	-1	-1	-1
50402	横扫3级	504	造成[a2ff00]120%[-]的伙伴攻击伤害，并击退目标[a2ff00]4[-]步，冷却[a2ff00]10[-]秒。	3	0	0	-1	-1	-1	-1	0	2	51	0	1000	0	-1	0	-1	0	-1	0	-1	0	-1	5042	185041	-1	-1	-1	-1	9	9	-1	0	-1	-1	-1	-1	-1	-1	-1	-1
50403	横扫4级	504	造成[a2ff00]180%[-]的伙伴攻击伤害，并击退目标[a2ff00]4[-]步，冷却[a2ff00]10[-]秒。	4	0	0	-1	-1	-1	-1	0	2	51	0	1000	0	-1	0	-1	0	-1	0	-1	0	-1	5043	185041	-1	-1	-1	-1	9	9	-1	0	-1	-1	-1	-1	-1	-1	-1	-1
50404	横扫5级	504	造成[a2ff00]230%[-]的伙伴攻击伤害，并击退目标[a2ff00]5[-]步，冷却[a2ff00]10[-]秒。	5	0	0	-1	-1	-1	-1	0	2	51	0	1000	0	-1	0	-1	0	-1	0	-1	0	-1	5044	185042	-1	-1	-1	-1	9	9	-1	0	-1	-1	-1	-1	-1	-1	-1	-1
50500	阳炎1级	505	对5步范围内[a2ff00]5[-]名敌人造成[a2ff00]3%+100[-]点伙伴攻击伤害，冷却[a2ff00]10[-]秒。	1	0	0	5	-1	-1	-1	0	5	52	0	1000	0	-1	0	-1	0	-1	0	-1	0	-1	5050	-1	-1	-1	-1	-1	9	9	-1	0	-1	-1	-1	-1	-1	-1	-1	-1
50501	阳炎2级	505	对5步范围内[a2ff00]5[-]名敌人造成[a2ff00]5%+100[-]点伙伴攻击伤害，冷却[a2ff00]10[-]秒。	2	0	0	5	-1	-1	-1	0	5	52	0	1000	0	-1	0	-1	0	-1	0	-1	0	-1	5051	-1	-1	-1	-1	-1	9	9	-1	0	-1	-1	-1	-1	-1	-1	-1	-1
50502	阳炎3级	505	对5步范围内[a2ff00]5[-]名敌人造成[a2ff00]8%+100[-]点伙伴攻击伤害，冷却[a2ff00]10[-]秒。	3	0	0	5	-1	-1	-1	0	5	52	0	1000	0	-1	0	-1	0	-1	0	-1	0	-1	5052	-1	-1	-1	-1	-1	9	9	-1	0	-1	-1	-1	-1	-1	-1	-1	-1
50503	阳炎4级	505	对5步范围内[a2ff00]6[-]名敌人造成[a2ff00]11%+100[-]点伙伴攻击伤害，冷却[a2ff00]8[-]秒。	4	0	0	6	-1	-1	-1	0	5	53	0	1000	0	-1	0	-1	0	-1	0	-1	0	-1	5053	-1	-1	-1	-1	-1	9	9	-1	0	-1	-1	-1	-1	-1	-1	-1	-1
50504	阳炎5级	505	对5步范围内[a2ff00]7[-]名敌人造成[a2ff00]15%+150[-]点伙伴攻击伤害，冷却[a2ff00]8[-]秒。	5	0	0	7	-1	-1	-1	0	5	53	0	1000	0	-1	0	-1	0	-1	0	-1	0	-1	5054	-1	-1	-1	-1	-1	9	9	-1	0	-1	-1	-1	-1	-1	-1	-1	-1
50600	咆哮1级	506	提升伙伴[a2ff00]50%[-]攻击力，持续[a2ff00]3[-]秒，冷却[a2ff00]20[-]秒。	1	0	0	-1	-1	-1	-1	0	2	54	0	1000	0	-1	0	-1	0	-1	0	-1	0	-1	45060	-1	-1	-1	-1	-1	9	9	-1	0	-1	-1	-1	-1	-1	-1	-1	-1
50601	咆哮2级	506	提升伙伴[a2ff00]60%[-]攻击力，持续[a2ff00]3[-]秒，冷却[a2ff00]20[-]秒。	2	0	0	-1	-1	-1	-1	0	2	54	0	1000	0	-1	0	-1	0	-1	0	-1	0	-1	45061	-1	-1	-1	-1	-1	9	9	-1	0	-1	-1	-1	-1	-1	-1	-1	-1
50602	咆哮3级	506	提升伙伴[a2ff00]90%[-]攻击力，持续[a2ff00]4[-]秒，冷却[a2ff00]20[-]秒。	3	0	0	-1	-1	-1	-1	0	2	54	0	1000	0	-1	0	-1	0	-1	0	-1	0	-1	45062	-1	-1	-1	-1	-1	9	9	-1	0	-1	-1	-1	-1	-1	-1	-1	-1
50603	咆哮4级	506	提升伙伴[a2ff00]115%[-]攻击力，持续[a2ff00]4[-]秒，冷却[a2ff00]15[-]秒。	4	0	0	-1	-1	-1	-1	0	2	55	0	1000	0	-1	0	-1	0	-1	0	-1	0	-1	45063	-1	-1	-1	-1	-1	9	9	-1	0	-1	-1	-1	-1	-1	-1	-1	-1
50604	咆哮5级	506	提升伙伴[a2ff00]150%[-]攻击力，持续[a2ff00]5[-]秒，冷却[a2ff00]15[-]秒。	5	0	0	-1	-1	-1	-1	0	2	55	0	1000	0	-1	0	-1	0	-1	0	-1	0	-1	45064	-1	-1	-1	-1	-1	9	9	-1	0	-1	-1	-1	-1	-1	-1	-1	-1
50700	狂野1级	507	使伙伴攻击必定暴击，持续[a2ff00]1[-]秒，冷却[a2ff00]20[-]秒。	1	0	0	-1	-1	-1	-1	0	2	56	0	1000	0	-1	0	-1	0	-1	0	-1	0	-1	45070	-1	-1	-1	-1	-1	9	9	-1	0	-1	-1	-1	-1	-1	-1	-1	-1
50701	狂野2级	507	使伙伴攻击必定暴击，持续[a2ff00]2[-]秒，冷却[a2ff00]20[-]秒。	2	0	0	-1	-1	-1	-1	0	2	56	0	1000	0	-1	0	-1	0	-1	0	-1	0	-1	45071	-1	-1	-1	-1	-1	9	9	-1	0	-1	-1	-1	-1	-1	-1	-1	-1
50702	狂野3级	507	使伙伴攻击必定暴击，持续[a2ff00]3[-]秒，冷却[a2ff00]20[-]秒。	3	0	0	-1	-1	-1	-1	0	2	56	0	1000	0	-1	0	-1	0	-1	0	-1	0	-1	45072	-1	-1	-1	-1	-1	9	9	-1	0	-1	-1	-1	-1	-1	-1	-1	-1
50703	狂野4级	507	使伙伴攻击必定暴击，持续[a2ff00]3[-]秒，冷却[a2ff00]18[-]秒。	4	0	0	-1	-1	-1	-1	0	2	80	0	1000	0	-1	0	-1	0	-1	0	-1	0	-1	45073	-1	-1	-1	-1	-1	9	9	-1	0	-1	-1	-1	-1	-1	-1	-1	-1
50704	狂野5级	507	使伙伴攻击必定暴击，持续[a2ff00]4[-]秒，冷却[a2ff00]15[-]秒。	5	0	0	-1	-1	-1	-1	0	2	57	0	1000	0	-1	0	-1	0	-1	0	-1	0	-1	45074	-1	-1	-1	-1	-1	9	9	-1	0	-1	-1	-1	-1	-1	-1	-1	-1
50800	荆棘之狩1级	508	主人被攻击时，有[a2ff00]20%[-]概率对敌人造成[a2ff00]100[-]点伙伴攻击伤害	1	0	0	-1	-1	-1	-1	0	2	58	0	1000	0	-1	0	-1	0	-1	0	-1	0	-1	215080	-1	-1	-1	-1	-1	9	9	-1	0	-1	-1	-1	-1	-1	-1	-1	-1
50801	荆棘之狩2级	508	主人被攻击时，有[a2ff00]25%[-]概率对敌人造成[a2ff00]300[-]点伙伴攻击伤害	2	0	0	-1	-1	-1	-1	0	2	58	0	1000	0	-1	0	-1	0	-1	0	-1	0	-1	215081	-1	-1	-1	-1	-1	9	9	-1	0	-1	-1	-1	-1	-1	-1	-1	-1
50802	荆棘之狩3级	508	主人被攻击时，有[a2ff00]35%[-]概率对敌人造成[a2ff00]800[-]点伙伴攻击伤害	3	0	0	-1	-1	-1	-1	0	2	58	0	1000	0	-1	0	-1	0	-1	0	-1	0	-1	215082	-1	-1	-1	-1	-1	9	9	-1	0	-1	-1	-1	-1	-1	-1	-1	-1
50803	荆棘之狩4级	508	主人被攻击时，有[a2ff00]50%[-]概率对敌人造成[a2ff00]1500[-]点伙伴攻击伤害	4	0	0	-1	-1	-1	-1	0	2	58	0	1000	0	-1	0	-1	0	-1	0	-1	0	-1	215083	-1	-1	-1	-1	-1	9	9	-1	0	-1	-1	-1	-1	-1	-1	-1	-1
50804	荆棘之狩5级	508	主人被攻击时，有[a2ff00]70%[-]概率对敌人造成[a2ff00]2500[-]点伙伴攻击伤害	5	0	0	-1	-1	-1	-1	0	2	58	0	1000	0	-1	0	-1	0	-1	0	-1	0	-1	215084	-1	-1	-1	-1	-1	9	9	-1	0	-1	-1	-1	-1	-1	-1	-1	-1
50900	熔炼之狩1级	509	主人被攻击时，有[a2ff00]10%[-]概率减少敌人[a2ff00]200[-]点防御。持续[a2ff00]3[-]秒	1	0	0	-1	-1	-1	-1	0	2	59	0	1000	0	-1	0	-1	0	-1	0	-1	0	-1	215090	-1	-1	-1	-1	-1	9	9	-1	0	-1	-1	-1	-1	-1	-1	-1	-1
50901	熔炼之狩2级	509	主人被攻击时，有[a2ff00]15%[-]概率减少敌人[a2ff00]300[-]点防御。持续[a2ff00]3[-]秒	2	0	0	-1	-1	-1	-1	0	2	59	0	1000	0	-1	0	-1	0	-1	0	-1	0	-1	215091	-1	-1	-1	-1	-1	9	9	-1	0	-1	-1	-1	-1	-1	-1	-1	-1
50902	熔炼之狩3级	509	主人被攻击时，有[a2ff00]25%[-]概率减少敌人[a2ff00]450[-]点防御。持续[a2ff00]3[-]秒	3	0	0	-1	-1	-1	-1	0	2	59	0	1000	0	-1	0	-1	0	-1	0	-1	0	-1	215092	-1	-1	-1	-1	-1	9	9	-1	0	-1	-1	-1	-1	-1	-1	-1	-1
50903	熔炼之狩4级	509	主人被攻击时，有[a2ff00]35%[-]概率减少敌人[a2ff00]600[-]点防御。持续[a2ff00]4[-]秒	4	0	0	-1	-1	-1	-1	0	2	59	0	1000	0	-1	0	-1	0	-1	0	-1	0	-1	215093	-1	-1	-1	-1	-1	9	9	-1	0	-1	-1	-1	-1	-1	-1	-1	-1
50904	熔炼之狩5级	509	主人被攻击时，有[a2ff00]50%[-]概率减少敌人[a2ff00]800[-]点防御。持续[a2ff00]5[-]秒	5	0	0	-1	-1	-1	-1	0	2	59	0	1000	0	-1	0	-1	0	-1	0	-1	0	-1	215094	-1	-1	-1	-1	-1	9	9	-1	0	-1	-1	-1	-1	-1	-1	-1	-1
51000	群兽怒吼1级	510	主人和伙伴暴击率同时提高[a2ff00]30%[-]，持续[a2ff00]2[-]秒，冷却[a2ff00]30[-]秒。	1	0	0	-1	-1	-1	-1	0	2	60	0	1000	0	-1	0	-1	0	-1	0	-1	0	-1	25100	45100	-1	-1	-1	-1	9	9	-1	0	-1	-1	-1	-1	-1	-1	-1	-1
51001	群兽怒吼2级	510	主人和伙伴暴击率同时提高[a2ff00]50%[-]，持续[a2ff00]3[-]秒，冷却[a2ff00]30[-]秒。	2	0	0	-1	-1	-1	-1	0	2	60	0	1000	0	-1	0	-1	0	-1	0	-1	0	-1	25101	45101	-1	-1	-1	-1	9	9	-1	0	-1	-1	-1	-1	-1	-1	-1	-1
51002	群兽怒吼3级	510	主人和伙伴暴击率同时提高[a2ff00]65%[-]，持续[a2ff00]3[-]秒，冷却[a2ff00]30[-]秒。	3	0	0	-1	-1	-1	-1	0	2	60	0	1000	0	-1	0	-1	0	-1	0	-1	0	-1	25102	45102	-1	-1	-1	-1	9	9	-1	0	-1	-1	-1	-1	-1	-1	-1	-1
51003	群兽怒吼4级	510	主人和伙伴暴击率同时提高[a2ff00]85%[-]，持续[a2ff00]4[-]秒，冷却[a2ff00]30[-]秒。	4	0	0	-1	-1	-1	-1	0	2	60	0	1000	0	-1	0	-1	0	-1	0	-1	0	-1	25103	45103	-1	-1	-1	-1	9	9	-1	0	-1	-1	-1	-1	-1	-1	-1	-1
51004	群兽怒吼5级	510	主人和伙伴暴击率同时提高[a2ff00]100%[-]，持续[a2ff00]5[-]秒，冷却[a2ff00]30[-]秒。	5	0	0	-1	-1	-1	-1	0	2	60	0	1000	0	-1	0	-1	0	-1	0	-1	0	-1	25104	45104	-1	-1	-1	-1	9	9	-1	0	-1	-1	-1	-1	-1	-1	-1	-1
60001	人型伙伴技能(物理普攻)	600	人型伙伴技能	1	0	0	-1	-1	-1	-1	0	2	61	0	1000	0	-1	0	-1	0	-1	0	-1	0	-1	6001	-1	-1	-1	-1	-1	143	143	-1	0	-1	-1	-1	-1	-1	-1	-1	-1
60002	人型伙伴技能（法力普攻）	600	人型伙伴技能	1	0	0	-1	-1	-1	-1	0	2	61	0	1000	0	-1	0	-1	0	-1	0	-1	0	-1	6001	-1	-1	-1	-1	-1	144	144	-1	0	-1	-1	-1	-1	-1	-1	-1	-1
60100	借力1级	601	提升主人的攻击力，每1000点加持值提升[a2ff05]274[-]点。持续[a2ff05]3[-]秒，冷却[a2ff05]25[-]秒	1	0	0	-1	-1	-1	-1	0	2	74	0	1000	0	-1	0	-1	0	-1	0	-1	0	-1	196010	-1	-1	-1	-1	-1	9	9	-1	0	-1	-1	-1	-1	-1	-1	-1	-1
60101	借力2级	601	提升主人的攻击力，每1000点加持值提升[a2ff06]481[-]点。持续[a2ff05]3[-]秒，冷却[a2ff05]25[-]秒	2	0	0	-1	-1	-1	-1	0	2	74	0	1000	0	-1	0	-1	0	-1	0	-1	0	-1	196011	-1	-1	-1	-1	-1	9	9	-1	0	-1	-1	-1	-1	-1	-1	-1	-1
60102	借力3级	601	提升主人的攻击力，每1000点加持值提升[a2ff07]687[-]点。持续[a2ff05]4[-]秒，冷却[a2ff05]25[-]秒	3	0	0	-1	-1	-1	-1	0	2	74	0	1000	0	-1	0	-1	0	-1	0	-1	0	-1	196012	-1	-1	-1	-1	-1	9	9	-1	0	-1	-1	-1	-1	-1	-1	-1	-1
60103	借力4级	601	提升主人的攻击力，每1000点加持值提升[a2ff08]893[-]点。持续[a2ff05]5[-]秒，冷却[a2ff05]20[-]秒	4	0	0	-1	-1	-1	-1	0	2	75	0	1000	0	-1	0	-1	0	-1	0	-1	0	-1	196013	-1	-1	-1	-1	-1	9	9	-1	0	-1	-1	-1	-1	-1	-1	-1	-1
60104	借力5级	601	提升主人的攻击力，每1000点加持值提升[a2ff09]1168[-]点。持续[a2ff05]6[-]秒，冷却[a2ff05]20[-]秒	5	0	0	-1	-1	-1	-1	0	2	75	0	1000	0	-1	0	-1	0	-1	0	-1	0	-1	196014	-1	-1	-1	-1	-1	9	9	-1	0	-1	-1	-1	-1	-1	-1	-1	-1
60200	御敌1级	602	提升主人的防御力，每1000点守护值提升[a2ff10]115[-]点。持续[a2ff05]3[-]秒，冷却[a2ff05]25[-]秒	1	0	0	-1	-1	-1	-1	0	2	76	0	1000	0	-1	0	-1	0	-1	0	-1	0	-1	196020	-1	-1	-1	-1	-1	9	9	-1	0	-1	-1	-1	-1	-1	-1	-1	-1
60201	御敌2级	602	提升主人的防御力，每1000点守护值提升[a2ff11]192[-]点。持续[a2ff05]3[-]秒，冷却[a2ff05]25[-]秒	2	0	0	-1	-1	-1	-1	0	2	76	0	1000	0	-1	0	-1	0	-1	0	-1	0	-1	196021	-1	-1	-1	-1	-1	9	9	-1	0	-1	-1	-1	-1	-1	-1	-1	-1
60202	御敌3级	602	提升主人的防御力，每1000点守护值提升[a2ff12]308[-]点。持续[a2ff05]4[-]秒，冷却[a2ff05]25[-]秒	3	0	0	-1	-1	-1	-1	0	2	76	0	1000	0	-1	0	-1	0	-1	0	-1	0	-1	196022	-1	-1	-1	-1	-1	9	9	-1	0	-1	-1	-1	-1	-1	-1	-1	-1
60203	御敌4级	602	提升主人的防御力，每1000点守护值提升[a2ff13]463[-]点。持续[a2ff05]5[-]秒，冷却[a2ff05]20[-]秒	4	0	0	-1	-1	-1	-1	0	2	77	0	1000	0	-1	0	-1	0	-1	0	-1	0	-1	196023	-1	-1	-1	-1	-1	9	9	-1	0	-1	-1	-1	-1	-1	-1	-1	-1
60204	御敌5级	602	提升主人的防御力，每1000点守护值提升[a2ff14]578[-]点。持续[a2ff05]6[-]秒，冷却[a2ff05]20[-]秒	5	0	0	-1	-1	-1	-1	0	2	77	0	1000	0	-1	0	-1	0	-1	0	-1	0	-1	196024	-1	-1	-1	-1	-1	9	9	-1	0	-1	-1	-1	-1	-1	-1	-1	-1
60300	疗伤1级	603	每秒回复主人[a2ff00]200[-]点生命，持续[a2ff00]3[-]秒，冷却[a2ff00]15[-]秒。	1	0	0	-1	-1	-1	-1	0	2	63	0	1000	0	-1	0	-1	0	-1	0	-1	0	-1	66030	-1	-1	-1	-1	-1	9	9	-1	0	-1	-1	-1	-1	-1	-1	-1	-1
60301	疗伤2级	603	每秒回复主人[a2ff00]500[-]点生命，持续[a2ff00]3[-]秒，冷却[a2ff00]15[-]秒。	2	0	0	-1	-1	-1	-1	0	2	63	0	1000	0	-1	0	-1	0	-1	0	-1	0	-1	66031	-1	-1	-1	-1	-1	9	9	-1	0	-1	-1	-1	-1	-1	-1	-1	-1
60302	疗伤3级	603	每秒回复主人[a2ff00]1000[-]点生命，持续[a2ff00]3[-]秒，冷却[a2ff00]15[-]秒。	3	0	0	-1	-1	-1	-1	0	2	63	0	1000	0	-1	0	-1	0	-1	0	-1	0	-1	66032	-1	-1	-1	-1	-1	9	9	-1	0	-1	-1	-1	-1	-1	-1	-1	-1
60303	疗伤4级	603	每秒回复主人[a2ff00]1500[-]点生命，持续[a2ff00]5[-]秒，冷却[a2ff00]15[-]秒。	4	0	0	-1	-1	-1	-1	0	2	63	0	1000	0	-1	0	-1	0	-1	0	-1	0	-1	66033	-1	-1	-1	-1	-1	9	9	-1	0	-1	-1	-1	-1	-1	-1	-1	-1
60304	疗伤5级	603	每秒回复主人[a2ff00]2000[-]点生命，持续[a2ff00]7[-]秒，冷却[a2ff00]15[-]秒。	5	0	0	-1	-1	-1	-1	0	2	63	0	1000	0	-1	0	-1	0	-1	0	-1	0	-1	66034	-1	-1	-1	-1	-1	9	9	-1	0	-1	-1	-1	-1	-1	-1	-1	-1
60400	霜瀑1级	604	降低5步范围内敌人[a2ff00]5%[-]移动速度，持续[a2ff00]3[-]秒，冷却[a2ff00]15[-]秒。	1	0	0	-1	-1	-1	-1	0	2	64	0	1000	0	-1	0	-1	0	-1	0	-1	0	-1	46040	-1	-1	-1	-1	-1	9	9	-1	0	-1	-1	-1	-1	-1	-1	-1	-1
60401	霜瀑2级	604	降低5步范围内敌人[a2ff00]10%[-]移动速度，持续[a2ff00]3[-]秒，冷却[a2ff00]15[-]秒。	2	0	0	-1	-1	-1	-1	0	2	64	0	1000	0	-1	0	-1	0	-1	0	-1	0	-1	46041	-1	-1	-1	-1	-1	9	9	-1	0	-1	-1	-1	-1	-1	-1	-1	-1
60402	霜瀑3级	604	降低5步范围内敌人[a2ff00]15%[-]移动速度，持续[a2ff00]4[-]秒，冷却[a2ff00]15[-]秒。	3	0	0	-1	-1	-1	-1	0	2	64	0	1000	0	-1	0	-1	0	-1	0	-1	0	-1	46042	-1	-1	-1	-1	-1	9	9	-1	0	-1	-1	-1	-1	-1	-1	-1	-1
60403	霜瀑4级	604	降低5步范围内敌人[a2ff00]20%[-]移动速度，持续[a2ff00]4[-]秒，冷却[a2ff00]15[-]秒。	4	0	0	-1	-1	-1	-1	0	2	65	0	1000	0	-1	0	-1	0	-1	0	-1	0	-1	46043	-1	-1	-1	-1	-1	9	9	-1	0	-1	-1	-1	-1	-1	-1	-1	-1
60404	霜瀑5级	604	降低5步范围内敌人[a2ff00]30%[-]移动速度，持续[a2ff00]5[-]秒，冷却[a2ff00]15[-]秒。	5	0	0	-1	-1	-1	-1	0	2	65	0	1000	0	-1	0	-1	0	-1	0	-1	0	-1	46044	-1	-1	-1	-1	-1	9	9	-1	0	-1	-1	-1	-1	-1	-1	-1	-1
60500	看破1级	605	提升主人的暴击值，每1000点加持值提升[a2ff15]97[-]点。持续[a2ff05]3[-]秒，冷却[a2ff05]25[-]秒	1	0	0	-1	-1	-1	-1	0	2	78	0	1000	0	-1	0	-1	0	-1	0	-1	0	-1	196050	-1	-1	-1	-1	-1	9	9	-1	0	-1	-1	-1	-1	-1	-1	-1	-1
60501	看破2级	605	提升主人的暴击值，每1000点加持值提升[a2ff16]155[-]点。持续[a2ff05]3[-]秒，冷却[a2ff05]25[-]秒	2	0	0	-1	-1	-1	-1	0	2	78	0	1000	0	-1	0	-1	0	-1	0	-1	0	-1	196051	-1	-1	-1	-1	-1	9	9	-1	0	-1	-1	-1	-1	-1	-1	-1	-1
60502	看破3级	605	提升主人的暴击值，每1000点加持值提升[a2ff17]194[-]点。持续[a2ff05]4[-]秒，冷却[a2ff05]25[-]秒	3	0	0	-1	-1	-1	-1	0	2	78	0	1000	0	-1	0	-1	0	-1	0	-1	0	-1	196052	-1	-1	-1	-1	-1	9	9	-1	0	-1	-1	-1	-1	-1	-1	-1	-1
60503	看破4级	605	提升主人的暴击值，每1000点加持值提升[a2ff18]292[-]点。持续[a2ff05]5[-]秒，冷却[a2ff05]20[-]秒	4	0	0	-1	-1	-1	-1	0	2	79	0	1000	0	-1	0	-1	0	-1	0	-1	0	-1	196053	-1	-1	-1	-1	-1	9	9	-1	0	-1	-1	-1	-1	-1	-1	-1	-1
60504	看破5级	605	提升主人的暴击值，每1000点加持值提升[a2ff19]389[-]点。持续[a2ff05]6[-]秒，冷却[a2ff05]20[-]秒	5	0	0	-1	-1	-1	-1	0	2	79	0	1000	0	-1	0	-1	0	-1	0	-1	0	-1	196054	-1	-1	-1	-1	-1	9	9	-1	0	-1	-1	-1	-1	-1	-1	-1	-1
60600	护主1级	606	为主人附加护盾，吸收[a2ff00]10%[-]伙伴守护值的伤害，持续[a2ff00]5[-]秒，冷却[a2ff00]20[-]秒。	1	0	0	-1	-1	-1	-1	0	2	66	0	1000	0	-1	0	-1	0	-1	0	-1	0	-1	206060	-1	-1	-1	-1	-1	9	9	-1	0	-1	-1	-1	-1	-1	-1	-1	-1
60601	护主2级	606	为主人附加护盾，吸收[a2ff00]20%[-]伙伴守护值的伤害，持续[a2ff00]5[-]秒，冷却[a2ff00]20[-]秒。	2	0	0	-1	-1	-1	-1	0	2	66	0	1000	0	-1	0	-1	0	-1	0	-1	0	-1	206061	-1	-1	-1	-1	-1	9	9	-1	0	-1	-1	-1	-1	-1	-1	-1	-1
60602	护主3级	606	为主人附加护盾，吸收[a2ff00]40%[-]伙伴守护值的伤害，持续[a2ff00]5[-]秒，冷却[a2ff00]20[-]秒。	3	0	0	-1	-1	-1	-1	0	2	66	0	1000	0	-1	0	-1	0	-1	0	-1	0	-1	206062	-1	-1	-1	-1	-1	9	9	-1	0	-1	-1	-1	-1	-1	-1	-1	-1
60603	护主4级	606	为主人附加护盾，吸收[a2ff00]70%[-]伙伴守护值的伤害，持续[a2ff00]5[-]秒，冷却[a2ff00]15[-]秒。	4	0	0	-1	-1	-1	-1	0	2	67	0	1000	0	-1	0	-1	0	-1	0	-1	0	-1	206063	-1	-1	-1	-1	-1	9	9	-1	0	-1	-1	-1	-1	-1	-1	-1	-1
60604	护主5级	606	为主人附加护盾，吸收[a2ff00]100%[-]伙伴守护值的伤害，持续[a2ff00]5[-]秒，冷却[a2ff00]15[-]秒。	5	0	0	-1	-1	-1	-1	0	2	67	0	1000	0	-1	0	-1	0	-1	0	-1	0	-1	206064	-1	-1	-1	-1	-1	9	9	-1	0	-1	-1	-1	-1	-1	-1	-1	-1
60700	绊足1级	607	降低目标[a2ff00]20%[-]移动速度，持续[a2ff00]4[-]秒，冷却[a2ff00]15[-]秒。	1	0	0	-1	-1	-1	-1	0	2	68	0	1000	0	-1	0	-1	0	-1	0	-1	0	-1	46070	-1	-1	-1	-1	-1	9	9	-1	0	-1	-1	-1	-1	-1	-1	-1	-1
60701	绊足2级	607	降低目标[a2ff00]25%[-]移动速度，持续[a2ff00]4[-]秒，冷却[a2ff00]15[-]秒。	2	0	0	-1	-1	-1	-1	0	2	68	0	1000	0	-1	0	-1	0	-1	0	-1	0	-1	46071	-1	-1	-1	-1	-1	9	9	-1	0	-1	-1	-1	-1	-1	-1	-1	-1
60702	绊足3级	607	降低目标[a2ff00]35%[-]移动速度，持续[a2ff00]4[-]秒，冷却[a2ff00]15[-]秒。	3	0	0	-1	-1	-1	-1	0	2	68	0	1000	0	-1	0	-1	0	-1	0	-1	0	-1	46072	-1	-1	-1	-1	-1	9	9	-1	0	-1	-1	-1	-1	-1	-1	-1	-1
60703	绊足4级	607	降低目标[a2ff00]40%[-]移动速度，持续[a2ff00]5[-]秒，冷却[a2ff00]15[-]秒。	4	0	0	-1	-1	-1	-1	0	2	69	0	1000	0	-1	0	-1	0	-1	0	-1	0	-1	46073	-1	-1	-1	-1	-1	9	9	-1	0	-1	-1	-1	-1	-1	-1	-1	-1
60704	绊足5级	607	降低目标[a2ff00]50%[-]移动速度，持续[a2ff00]5[-]秒，冷却[a2ff00]15[-]秒。	5	0	0	-1	-1	-1	-1	0	2	69	0	1000	0	-1	0	-1	0	-1	0	-1	0	-1	46074	-1	-1	-1	-1	-1	9	9	-1	0	-1	-1	-1	-1	-1	-1	-1	-1
60800	碧波护体1级	608	提升主人的闪避，每1000点守护值提升[a2ff15]53[-]点。	1	0	0	-1	-1	-1	-1	0	2	70	0	1000	0	-1	0	-1	0	-1	0	-1	0	-1	196080	-1	-1	-1	-1	-1	9	9	-1	0	-1	-1	-1	-1	-1	-1	-1	-1
60801	碧波护体2级	608	提升主人的闪避，每1000点守护值提升[a2ff15]85[-]点。	2	0	0	-1	-1	-1	-1	0	2	70	0	1000	0	-1	0	-1	0	-1	0	-1	0	-1	196081	-1	-1	-1	-1	-1	9	9	-1	0	-1	-1	-1	-1	-1	-1	-1	-1
60802	碧波护体3级	608	提升主人的闪避，每1000点守护值提升[a2ff15]106[-]点。	3	0	0	-1	-1	-1	-1	0	2	70	0	1000	0	-1	0	-1	0	-1	0	-1	0	-1	196082	-1	-1	-1	-1	-1	9	9	-1	0	-1	-1	-1	-1	-1	-1	-1	-1
60803	碧波护体4级	608	提升主人的闪避，每1000点守护值提升[a2ff15]149[-]点。	4	0	0	-1	-1	-1	-1	0	2	70	0	1000	0	-1	0	-1	0	-1	0	-1	0	-1	196083	-1	-1	-1	-1	-1	9	9	-1	0	-1	-1	-1	-1	-1	-1	-1	-1
60804	碧波护体5级	608	提升主人的闪避，每1000点守护值提升[a2ff15]202[-]点。	5	0	0	-1	-1	-1	-1	0	2	70	0	1000	0	-1	0	-1	0	-1	0	-1	0	-1	196084	-1	-1	-1	-1	-1	9	9	-1	0	-1	-1	-1	-1	-1	-1	-1	-1
60900	郁兰芬芳1级	609	提升主人的生命上限，每1000点守护值提升[a2ff15]4242[-]点。伙伴出战时持续生效	1	0	0	-1	-1	-1	-1	0	2	62	0	1000	0	-1	0	-1	0	-1	0	-1	0	-1	196090	-1	-1	-1	-1	-1	9	9	-1	0	-1	-1	-1	-1	-1	-1	-1	-1
60901	郁兰芬芳2级	609	提升主人的生命上限，每1000点守护值提升[a2ff16]6787[-]点。伙伴出战时持续生效	2	0	0	-1	-1	-1	-1	0	2	62	0	1000	0	-1	0	-1	0	-1	0	-1	0	-1	196091	-1	-1	-1	-1	-1	9	9	-1	0	-1	-1	-1	-1	-1	-1	-1	-1
60902	郁兰芬芳3级	609	提升主人的生命上限，每1000点守护值提升[a2ff17]8484[-]点。伙伴出战时持续生效	3	0	0	-1	-1	-1	-1	0	2	62	0	1000	0	-1	0	-1	0	-1	0	-1	0	-1	196092	-1	-1	-1	-1	-1	9	9	-1	0	-1	-1	-1	-1	-1	-1	-1	-1
60903	郁兰芬芳4级	609	提升主人的生命上限，每1000点守护值提升[a2ff18]11877[-]点。伙伴出战时持续生效	4	0	0	-1	-1	-1	-1	0	2	62	0	1000	0	-1	0	-1	0	-1	0	-1	0	-1	196093	-1	-1	-1	-1	-1	9	9	-1	0	-1	-1	-1	-1	-1	-1	-1	-1
60904	郁兰芬芳5级	609	提升主人的生命上限，每1000点守护值提升[a2ff19]15271[-]点。伙伴出战时持续生效	5	0	0	-1	-1	-1	-1	0	2	62	0	1000	0	-1	0	-1	0	-1	0	-1	0	-1	196094	-1	-1	-1	-1	-1	9	9	-1	0	-1	-1	-1	-1	-1	-1	-1	-1
61000	般若心经1级	610	提高伙伴[a2ff00]5%[-]的加持效果。伙伴出战时持续生效	1	0	0	-1	-1	-1	-1	0	2	71	0	1000	0	-1	0	-1	0	-1	0	-1	0	-1	226100	-1	-1	-1	-1	-1	9	9	-1	0	-1	-1	-1	-1	-1	-1	-1	-1
61001	般若心经2级	610	提高伙伴[a2ff00]7%[-]的加持效果。伙伴出战时持续生效	2	0	0	-1	-1	-1	-1	0	2	71	0	1000	0	-1	0	-1	0	-1	0	-1	0	-1	226101	-1	-1	-1	-1	-1	9	9	-1	0	-1	-1	-1	-1	-1	-1	-1	-1
61002	般若心经3级	610	提高伙伴[a2ff00]9%[-]的加持效果。伙伴出战时持续生效	3	0	0	-1	-1	-1	-1	0	2	71	0	1000	0	-1	0	-1	0	-1	0	-1	0	-1	226102	-1	-1	-1	-1	-1	9	9	-1	0	-1	-1	-1	-1	-1	-1	-1	-1
61003	般若心经4级	610	提高伙伴[a2ff00]11%[-]的加持效果。伙伴出战时持续生效	4	0	0	-1	-1	-1	-1	0	2	71	0	1000	0	-1	0	-1	0	-1	0	-1	0	-1	226103	-1	-1	-1	-1	-1	9	9	-1	0	-1	-1	-1	-1	-1	-1	-1	-1
61004	般若心经5级	610	提高伙伴[a2ff00]15%[-]的加持效果。伙伴出战时持续生效	5	0	0	-1	-1	-1	-1	0	2	71	0	1000	0	-1	0	-1	0	-1	0	-1	0	-1	226104	-1	-1	-1	-1	-1	9	9	-1	0	-1	-1	-1	-1	-1	-1	-1	-1
70001	聚贤庄BOSS1技能-千娇百媚	701	聚贤庄BOSS1技能	1	0	0	-1	-1	-1	-1	0	20	18	0	1000	0	-1	0	-1	0	-1	0	-1	0	-1	7006	-1	-1	-1	-1	-1	131	131	-1	0	-1	-1	-1	-1	-1	-1	-1	-1
70002	聚贤庄BOSS1技能-蛇肠蝎心	708	聚贤庄BOSS1技能	1	0	9	-1	-1	-1	-1	0	2	19	0	1000	0	-1	0	-1	0	-1	0	-1	0	-1	7001	-1	-1	-1	-1	-1	132	132	-1	0	-1	-1	-1	-1	-1	-1	-1	-1
70003	燕子坞-包不同	702	影乱	1	0	9	-1	-1	-1	-1	0	10	20	0	1000	0	-1	0	-1	0	-1	0	-1	0	-1	7001	-1	-1	-1	-1	-1	121	121	-1	0	-1	-1	-1	-1	-1	-1	-1	-1
70004	燕子坞-风波恶	703	吕洞宾咬狗	1	0	9	-1	-1	-1	-1	0	10	21	0	1000	0	-1	0	-1	0	-1	0	-1	0	-1	7001	-1	-1	-1	-1	-1	120	120	-1	0	-1	-1	-1	-1	-1	-1	-1	-1
70005	燕子坞-公冶乾	704	排山倒海	1	0	9	-1	-1	-1	-1	0	10	22	0	1000	0	-1	0	-1	0	-1	0	-1	0	-1	7001	-1	-1	-1	-1	-1	119	119	-1	0	-1	-1	-1	-1	-1	-1	-1	-1
70006	燕子坞-公冶乾	705	迷踪步	1	0	9	-1	-1	-1	-1	0	10	23	0	1000	0	-1	0	-1	0	-1	0	-1	0	-1	7001	-1	-1	-1	-1	-1	118	118	-1	0	-1	-1	-1	-1	-1	-1	-1	-1
70007	燕子坞-邓百川	706	石破惊天	1	0	9	-1	-1	-1	-1	0	10	24	0	3000	0	-1	0	-1	0	-1	0	-1	0	-1	7001	-1	-1	-1	-1	-1	117	117	-1	0	-1	-1	-1	-1	-1	-1	-1	-1
70008	燕子坞-慕容复	707	移花接木	1	0	0	-1	-1	-1	-1	0	10	25	0	5000	0	-1	0	-1	0	-1	0	-1	0	-1	157001	-1	-1	-1	-1	-1	116	116	-1	0	-1	-1	-1	-1	-1	-1	-1	-1
70009	聚贤庄BOSS2技能-盾击	709	聚贤庄BOSS2技能	1	0	9	-1	-1	-1	-1	0	2	26	0	1000	0	-1	0	-1	0	-1	0	-1	0	-1	7001	-1	-1	-1	-1	-1	103	103	-1	0	-1	-1	-1	-1	-1	-1	-1	-1
70010	聚贤庄BOSS2技能-盾旋	710	聚贤庄BOSS2技能	1	0	0	-1	-1	-1	-1	0	10	27	0	1000	0	-1	0	-1	0	-1	0	-1	0	-1	7007	-1	-1	-1	-1	-1	104	104	-1	0	-1	142	-1	-1	-1	-1	-1	-1
70011	聚贤庄BOSS3技能-袖里乾坤	711	聚贤庄BOSS3技能	1	0	0	-1	-1	-1	-1	0	10	28	0	1000	0	-1	0	-1	0	-1	0	-1	0	-1	7008	-1	-1	-1	-1	-1	133	133	-1	0	-1	-1	-1	-1	-1	-1	-1	-1
70012	聚贤庄BOSS3技能-天竺佛指	712	聚贤庄BOSS3技能	1	0	0	-1	-1	-1	-1	0	2	29	0	1000	0	-1	0	-1	0	-1	0	-1	0	-1	7009	-1	-1	-1	-1	-1	134	134	-1	0	-1	-1	-1	-1	-1	-1	-1	-1
70013	聚贤庄BOSS4技能-挑拨离间	713	聚贤庄BOSS4技能	1	0	0	-1	-1	-1	-1	0	2	30	0	1000	0	-1	0	-1	0	-1	0	-1	0	-1	37001	-1	-1	-1	-1	-1	135	135	-1	0	-1	-1	-1	-1	-1	-1	-1	-1
70014	聚贤庄BOSS4技能-小人之心	714	聚贤庄BOSS4技能	1	0	9	-1	-1	-1	-1	0	2	31	0	1000	0	-1	0	-1	0	-1	0	-1	0	-1	7001	-1	-1	-1	-1	-1	136	136	-1	0	-1	-1	-1	-1	-1	-1	-1	-1
70015	聚贤庄BOSS5技能-缠丝擒拿手	715	聚贤庄BOSS5技能	1	0	0	-1	-1	-1	-1	0	5	32	0	1000	0	-1	0	-1	0	-1	0	-1	0	-1	87002	-1	-1	-1	-1	-1	137	137	-1	0	-1	-1	-1	-1	-1	-1	-1	-1
70016	聚贤庄BOSS5技能-降龙十八掌	716	聚贤庄BOSS5技能	1	0	0	-1	-1	-1	-1	0	10	33	0	1000	0	-1	0	-1	0	-1	0	-1	0	-1	7010	-1	-1	-1	-1	-1	138	138	-1	0	-1	-1	-1	-1	-1	-1	-1	-1
80000	师门技能1	800	受到攻击时，有[a2ff00]5%[-]概率使攻击者减速[a2ff00]50%[-]，持续5秒。	1	0	0	-1	-1	-1	-1	0	2	116	0	1000	0	-1	0	-1	0	-1	0	-1	0	-1	218000	-1	-1	-1	-1	-1	9	9	-1	0	-1	-1	-1	-1	-1	-1	-1	-1
80001	师门技能1	800	受到攻击时，有[a2ff00]5%[-]概率使攻击者减速[a2ff00]52%[-]，持续5秒。	2	0	0	-1	-1	-1	-1	0	2	116	0	1000	0	-1	0	-1	0	-1	0	-1	0	-1	218001	-1	-1	-1	-1	-1	9	9	-1	0	-1	-1	-1	-1	-1	-1	-1	-1
80002	师门技能1	800	受到攻击时，有[a2ff00]5%[-]概率使攻击者减速[a2ff00]54%[-]，持续5秒。	3	0	0	-1	-1	-1	-1	0	2	116	0	1000	0	-1	0	-1	0	-1	0	-1	0	-1	218002	-1	-1	-1	-1	-1	9	9	-1	0	-1	-1	-1	-1	-1	-1	-1	-1
80003	师门技能1	800	受到攻击时，有[a2ff00]5%[-]概率使攻击者减速[a2ff00]56%[-]，持续5秒。	4	0	0	-1	-1	-1	-1	0	2	116	0	1000	0	-1	0	-1	0	-1	0	-1	0	-1	218003	-1	-1	-1	-1	-1	9	9	-1	0	-1	-1	-1	-1	-1	-1	-1	-1
80004	师门技能1	800	受到攻击时，有[a2ff00]5%[-]概率使攻击者减速[a2ff00]58%[-]，持续5秒。	5	0	0	-1	-1	-1	-1	0	2	116	0	1000	0	-1	0	-1	0	-1	0	-1	0	-1	218004	-1	-1	-1	-1	-1	9	9	-1	0	-1	-1	-1	-1	-1	-1	-1	-1
80005	师门技能1	800	受到攻击时，有[a2ff00]5%[-]概率使攻击者减速[a2ff00]60%[-]，持续5秒。	6	0	0	-1	-1	-1	-1	0	2	116	0	1000	0	-1	0	-1	0	-1	0	-1	0	-1	218005	-1	-1	-1	-1	-1	9	9	-1	0	-1	-1	-1	-1	-1	-1	-1	-1
80006	师门技能1	800	受到攻击时，有[a2ff00]5%[-]概率使攻击者减速[a2ff00]62%[-]，持续5秒。	7	0	0	-1	-1	-1	-1	0	2	116	0	1000	0	-1	0	-1	0	-1	0	-1	0	-1	218006	-1	-1	-1	-1	-1	9	9	-1	0	-1	-1	-1	-1	-1	-1	-1	-1
80007	师门技能1	800	受到攻击时，有[a2ff00]5%[-]概率使攻击者减速[a2ff00]64%[-]，持续5秒。	8	0	0	-1	-1	-1	-1	0	2	116	0	1000	0	-1	0	-1	0	-1	0	-1	0	-1	218007	-1	-1	-1	-1	-1	9	9	-1	0	-1	-1	-1	-1	-1	-1	-1	-1
80008	师门技能1	800	受到攻击时，有[a2ff00]5%[-]概率使攻击者减速[a2ff00]66%[-]，持续5秒。	9	0	0	-1	-1	-1	-1	0	2	116	0	1000	0	-1	0	-1	0	-1	0	-1	0	-1	218008	-1	-1	-1	-1	-1	9	9	-1	0	-1	-1	-1	-1	-1	-1	-1	-1
80009	师门技能1	800	受到攻击时，有[a2ff00]5%[-]概率使攻击者减速[a2ff00]68%[-]，持续5秒。	10	0	0	-1	-1	-1	-1	0	2	116	0	1000	0	-1	0	-1	0	-1	0	-1	0	-1	218009	-1	-1	-1	-1	-1	9	9	-1	0	-1	-1	-1	-1	-1	-1	-1	-1
80010	师门技能2	801	提升生命上限[a2ff00]1%[-]。	1	0	0	-1	-1	-1	-1	0	4	117	0	1000	0	-1	0	-1	0	-1	0	-1	0	-1	48012	-1	-1	-1	-1	-1	9	9	-1	0	-1	-1	-1	-1	-1	-1	-1	-1
80011	师门技能2	801	提升生命上限[a2ff01]2%[-]。	2	0	0	-1	-1	-1	-1	0	4	117	0	1000	0	-1	0	-1	0	-1	0	-1	0	-1	48013	-1	-1	-1	-1	-1	9	9	-1	0	-1	-1	-1	-1	-1	-1	-1	-1
80012	师门技能2	801	提升生命上限[a2ff02]3%[-]。	3	0	0	-1	-1	-1	-1	0	4	117	0	1000	0	-1	0	-1	0	-1	0	-1	0	-1	48014	-1	-1	-1	-1	-1	9	9	-1	0	-1	-1	-1	-1	-1	-1	-1	-1
80013	师门技能2	801	提升生命上限[a2ff03]4%[-]。	4	0	0	-1	-1	-1	-1	0	4	117	0	1000	0	-1	0	-1	0	-1	0	-1	0	-1	48015	-1	-1	-1	-1	-1	9	9	-1	0	-1	-1	-1	-1	-1	-1	-1	-1
80014	师门技能2	801	提升生命上限[a2ff04]5%[-]。	5	0	0	-1	-1	-1	-1	0	4	117	0	1000	0	-1	0	-1	0	-1	0	-1	0	-1	48016	-1	-1	-1	-1	-1	9	9	-1	0	-1	-1	-1	-1	-1	-1	-1	-1
80015	师门技能2	801	提升生命上限[a2ff05]6%[-]。	6	0	0	-1	-1	-1	-1	0	4	117	0	1000	0	-1	0	-1	0	-1	0	-1	0	-1	48017	-1	-1	-1	-1	-1	9	9	-1	0	-1	-1	-1	-1	-1	-1	-1	-1
80016	师门技能2	801	提升生命上限[a2ff06]7%[-]。	7	0	0	-1	-1	-1	-1	0	4	117	0	1000	0	-1	0	-1	0	-1	0	-1	0	-1	48018	-1	-1	-1	-1	-1	9	9	-1	0	-1	-1	-1	-1	-1	-1	-1	-1
80017	师门技能2	801	提升生命上限[a2ff07]8%[-]。	8	0	0	-1	-1	-1	-1	0	4	117	0	1000	0	-1	0	-1	0	-1	0	-1	0	-1	48019	-1	-1	-1	-1	-1	9	9	-1	0	-1	-1	-1	-1	-1	-1	-1	-1
80018	师门技能2	801	提升生命上限[a2ff08]9%[-]。	9	0	0	-1	-1	-1	-1	0	4	117	0	1000	0	-1	0	-1	0	-1	0	-1	0	-1	48020	-1	-1	-1	-1	-1	9	9	-1	0	-1	-1	-1	-1	-1	-1	-1	-1
80019	师门技能2	801	提升生命上限[a2ff09]10%[-]。	10	0	0	-1	-1	-1	-1	0	4	117	0	1000	0	-1	0	-1	0	-1	0	-1	0	-1	48021	-1	-1	-1	-1	-1	9	9	-1	0	-1	-1	-1	-1	-1	-1	-1	-1
80020	师门技能3	802	受到攻击时，有[a2ff00]0.2%[-]概率恢复附近队友[a2ff00]1000[-]生命值和[a2ff00]100[-]法力值。	1	0	0	-1	-1	-1	-1	0	7	118	0	1000	0	-1	0	-1	0	-1	0	-1	0	-1	218010	-1	-1	-1	-1	-1	9	9	-1	0	-1	-1	-1	-1	-1	-1	-1	-1
80021	师门技能3	802	受到攻击时，有[a2ff00]0.2%[-]概率恢复附近队友[a2ff00]1100[-]生命值和[a2ff00]110[-]法力值。	2	0	0	-1	-1	-1	-1	0	7	118	0	1000	0	-1	0	-1	0	-1	0	-1	0	-1	218011	-1	-1	-1	-1	-1	9	9	-1	0	-1	-1	-1	-1	-1	-1	-1	-1
80022	师门技能3	802	受到攻击时，有[a2ff00]0.2%[-]概率恢复附近队友[a2ff00]1200[-]生命值和[a2ff00]120[-]法力值。	3	0	0	-1	-1	-1	-1	0	7	118	0	1000	0	-1	0	-1	0	-1	0	-1	0	-1	218012	-1	-1	-1	-1	-1	9	9	-1	0	-1	-1	-1	-1	-1	-1	-1	-1
80023	师门技能3	802	受到攻击时，有[a2ff00]0.2%[-]概率恢复附近队友[a2ff00]1300[-]生命值和[a2ff00]130[-]法力值。	4	0	0	-1	-1	-1	-1	0	7	118	0	1000	0	-1	0	-1	0	-1	0	-1	0	-1	218013	-1	-1	-1	-1	-1	9	9	-1	0	-1	-1	-1	-1	-1	-1	-1	-1
80024	师门技能3	802	受到攻击时，有[a2ff00]0.2%[-]概率恢复附近队友[a2ff00]1400[-]生命值和[a2ff00]140[-]法力值。	5	0	0	-1	-1	-1	-1	0	7	118	0	1000	0	-1	0	-1	0	-1	0	-1	0	-1	218014	-1	-1	-1	-1	-1	9	9	-1	0	-1	-1	-1	-1	-1	-1	-1	-1
80025	师门技能3	802	受到攻击时，有[a2ff00]0.2%[-]概率恢复附近队友[a2ff00]1500[-]生命值和[a2ff00]150[-]法力值。	6	0	0	-1	-1	-1	-1	0	7	118	0	1000	0	-1	0	-1	0	-1	0	-1	0	-1	218015	-1	-1	-1	-1	-1	9	9	-1	0	-1	-1	-1	-1	-1	-1	-1	-1
80026	师门技能3	802	受到攻击时，有[a2ff00]0.2%[-]概率恢复附近队友[a2ff00]1600[-]生命值和[a2ff00]160[-]法力值。	7	0	0	-1	-1	-1	-1	0	7	118	0	1000	0	-1	0	-1	0	-1	0	-1	0	-1	218016	-1	-1	-1	-1	-1	9	9	-1	0	-1	-1	-1	-1	-1	-1	-1	-1
80027	师门技能3	802	受到攻击时，有[a2ff00]0.2%[-]概率恢复附近队友[a2ff00]1700[-]生命值和[a2ff00]170[-]法力值。	8	0	0	-1	-1	-1	-1	0	7	118	0	1000	0	-1	0	-1	0	-1	0	-1	0	-1	218017	-1	-1	-1	-1	-1	9	9	-1	0	-1	-1	-1	-1	-1	-1	-1	-1
80028	师门技能3	802	受到攻击时，有[a2ff00]0.2%[-]概率恢复附近队友[a2ff00]1850[-]生命值和[a2ff00]185[-]法力值。	9	0	0	-1	-1	-1	-1	0	7	118	0	1000	0	-1	0	-1	0	-1	0	-1	0	-1	218018	-1	-1	-1	-1	-1	9	9	-1	0	-1	-1	-1	-1	-1	-1	-1	-1
80029	师门技能3	802	受到攻击时，有[a2ff00]0.2%[-]概率恢复附近队友[a2ff00]2000[-]生命值和[a2ff00]200[-]法力值。	10	0	0	-1	-1	-1	-1	0	7	118	0	1000	0	-1	0	-1	0	-1	0	-1	0	-1	218019	-1	-1	-1	-1	-1	9	9	-1	0	-1	-1	-1	-1	-1	-1	-1	-1
80030	师门技能4	803	受到攻击时，有[a2ff00]0.2%[-]概率提升附近队友[a2ff00]5%[-]攻击力，持续10秒。	1	0	0	-1	-1	-1	-1	0	5	119	0	1000	0	-1	0	-1	0	-1	0	-1	0	-1	218020	-1	-1	-1	-1	-1	9	9	-1	0	-1	-1	-1	-1	-1	-1	-1	-1
80031	师门技能4	803	受到攻击时，有[a2ff00]0.2%[-]概率提升附近队友[a2ff00]6%[-]攻击力，持续10秒。	2	0	0	-1	-1	-1	-1	0	5	119	0	1000	0	-1	0	-1	0	-1	0	-1	0	-1	218021	-1	-1	-1	-1	-1	9	9	-1	0	-1	-1	-1	-1	-1	-1	-1	-1
80032	师门技能4	803	受到攻击时，有[a2ff00]0.2%[-]概率提升附近队友[a2ff00]7%[-]攻击力，持续10秒。	3	0	0	-1	-1	-1	-1	0	5	119	0	1000	0	-1	0	-1	0	-1	0	-1	0	-1	218022	-1	-1	-1	-1	-1	9	9	-1	0	-1	-1	-1	-1	-1	-1	-1	-1
80033	师门技能4	803	受到攻击时，有[a2ff00]0.2%[-]概率提升附近队友[a2ff00]8%[-]攻击力，持续10秒。	4	0	0	-1	-1	-1	-1	0	5	119	0	1000	0	-1	0	-1	0	-1	0	-1	0	-1	218023	-1	-1	-1	-1	-1	9	9	-1	0	-1	-1	-1	-1	-1	-1	-1	-1
80034	师门技能4	803	受到攻击时，有[a2ff00]0.2%[-]概率提升附近队友[a2ff00]9%[-]攻击力，持续10秒。	5	0	0	-1	-1	-1	-1	0	5	119	0	1000	0	-1	0	-1	0	-1	0	-1	0	-1	218024	-1	-1	-1	-1	-1	9	9	-1	0	-1	-1	-1	-1	-1	-1	-1	-1
80035	师门技能4	803	受到攻击时，有[a2ff00]0.2%[-]概率提升附近队友[a2ff00]10%[-]攻击力，持续10秒。	6	0	0	-1	-1	-1	-1	0	5	119	0	1000	0	-1	0	-1	0	-1	0	-1	0	-1	218025	-1	-1	-1	-1	-1	9	9	-1	0	-1	-1	-1	-1	-1	-1	-1	-1
80036	师门技能4	803	受到攻击时，有[a2ff00]0.2%[-]概率提升附近队友[a2ff00]11%[-]攻击力，持续10秒。	7	0	0	-1	-1	-1	-1	0	5	119	0	1000	0	-1	0	-1	0	-1	0	-1	0	-1	218026	-1	-1	-1	-1	-1	9	9	-1	0	-1	-1	-1	-1	-1	-1	-1	-1
80037	师门技能4	803	受到攻击时，有[a2ff00]0.2%[-]概率提升附近队友[a2ff00]12%[-]攻击力，持续10秒。	8	0	0	-1	-1	-1	-1	0	5	119	0	1000	0	-1	0	-1	0	-1	0	-1	0	-1	218027	-1	-1	-1	-1	-1	9	9	-1	0	-1	-1	-1	-1	-1	-1	-1	-1
80038	师门技能4	803	受到攻击时，有[a2ff00]0.2%[-]概率提升附近队友[a2ff00]13%[-]攻击力，持续10秒。	9	0	0	-1	-1	-1	-1	0	5	119	0	1000	0	-1	0	-1	0	-1	0	-1	0	-1	218028	-1	-1	-1	-1	-1	9	9	-1	0	-1	-1	-1	-1	-1	-1	-1	-1
80039	师门技能4	803	受到攻击时，有[a2ff00]0.2%[-]概率提升附近队友[a2ff00]14%[-]攻击力，持续10秒。	10	0	0	-1	-1	-1	-1	0	5	119	0	1000	0	-1	0	-1	0	-1	0	-1	0	-1	218029	-1	-1	-1	-1	-1	9	9	-1	0	-1	-1	-1	-1	-1	-1	-1	-1
80040	师门技能5	804	死亡时有[a2ff00]5%[-]概率无惩罚复活。	1	0	0	-1	-1	-1	-1	0	7	120	0	1333	0	-1	0	-1	0	-1	0	-1	0	-1	238000	-1	-1	-1	-1	-1	45	45	-1	0	-1	-1	-1	-1	-1	-1	-1	-1
80041	师门技能5	804	死亡时有[a2ff00]6%[-]概率无惩罚复活。	2	0	0	-1	-1	-1	-1	0	7	120	0	1333	0	-1	0	-1	0	-1	0	-1	0	-1	238001	-1	-1	-1	-1	-1	45	45	-1	0	-1	-1	-1	-1	-1	-1	-1	-1
80042	师门技能5	804	死亡时有[a2ff00]7%[-]概率无惩罚复活。	3	0	0	-1	-1	-1	-1	0	7	120	0	1333	0	-1	0	-1	0	-1	0	-1	0	-1	238002	-1	-1	-1	-1	-1	45	45	-1	0	-1	-1	-1	-1	-1	-1	-1	-1
80043	师门技能5	804	死亡时有[a2ff00]8%[-]概率无惩罚复活。	4	0	0	-1	-1	-1	-1	0	7	120	0	1333	0	-1	0	-1	0	-1	0	-1	0	-1	238003	-1	-1	-1	-1	-1	45	45	-1	0	-1	-1	-1	-1	-1	-1	-1	-1
80044	师门技能5	804	死亡时有[a2ff00]9%[-]概率无惩罚复活。	5	0	0	-1	-1	-1	-1	0	7	120	0	1333	0	-1	0	-1	0	-1	0	-1	0	-1	238004	-1	-1	-1	-1	-1	45	45	-1	0	-1	-1	-1	-1	-1	-1	-1	-1
80045	师门技能5	804	死亡时有[a2ff00]10%[-]概率无惩罚复活。	6	0	0	-1	-1	-1	-1	0	7	120	0	1333	0	-1	0	-1	0	-1	0	-1	0	-1	238005	-1	-1	-1	-1	-1	45	45	-1	0	-1	-1	-1	-1	-1	-1	-1	-1
80046	师门技能5	804	死亡时有[a2ff00]11%[-]概率无惩罚复活。	7	0	0	-1	-1	-1	-1	0	7	120	0	1333	0	-1	0	-1	0	-1	0	-1	0	-1	238006	-1	-1	-1	-1	-1	45	45	-1	0	-1	-1	-1	-1	-1	-1	-1	-1
80047	师门技能5	804	死亡时有[a2ff00]12%[-]概率无惩罚复活。	8	0	0	-1	-1	-1	-1	0	7	120	0	1333	0	-1	0	-1	0	-1	0	-1	0	-1	238007	-1	-1	-1	-1	-1	45	45	-1	0	-1	-1	-1	-1	-1	-1	-1	-1
80048	师门技能5	804	死亡时有[a2ff00]13%[-]概率无惩罚复活。	9	0	0	-1	-1	-1	-1	0	7	120	0	1333	0	-1	0	-1	0	-1	0	-1	0	-1	238008	-1	-1	-1	-1	-1	45	45	-1	0	-1	-1	-1	-1	-1	-1	-1	-1
80049	师门技能5	804	死亡时有[a2ff00]14%[-]概率无惩罚复活。	10	0	0	-1	-1	-1	-1	0	7	120	0	1333	0	-1	0	-1	0	-1	0	-1	0	-1	238009	-1	-1	-1	-1	-1	45	45	-1	0	-1	-1	-1	-1	-1	-1	-1	-1
80050	师门技能6	805	每分钟对附近队友布施[a2ff00]1000[-]经验和[a2ff00]100[-]金币（不会扣减布施者的经验和金币）。	1	0	0	-1	-1	-1	-1	0	7	121	0	1167	0	-1	0	-1	0	-1	0	-1	0	-1	38000	-1	-1	-1	-1	-1	46	46	-1	0	-1	-1	-1	-1	-1	-1	-1	-1
80051	师门技能6	805	每分钟对附近队友布施[a2ff00]2000[-]经验和[a2ff00]200[-]金币（不会扣减布施者的经验和金币）。	2	0	0	-1	-1	-1	-1	0	7	121	0	1167	0	-1	0	-1	0	-1	0	-1	0	-1	38001	-1	-1	-1	-1	-1	46	46	-1	0	-1	-1	-1	-1	-1	-1	-1	-1
80052	师门技能6	805	每分钟对附近队友布施[a2ff00]3000[-]经验和[a2ff00]300[-]金币（不会扣减布施者的经验和金币）。	3	0	0	-1	-1	-1	-1	0	7	121	0	1167	0	-1	0	-1	0	-1	0	-1	0	-1	38002	-1	-1	-1	-1	-1	46	46	-1	0	-1	-1	-1	-1	-1	-1	-1	-1
80053	师门技能6	805	每分钟对附近队友布施[a2ff00]4000[-]经验和[a2ff00]400[-]金币（不会扣减布施者的经验和金币）。	4	0	0	-1	-1	-1	-1	0	7	121	0	1167	0	-1	0	-1	0	-1	0	-1	0	-1	38003	-1	-1	-1	-1	-1	46	46	-1	0	-1	-1	-1	-1	-1	-1	-1	-1
80054	师门技能6	805	每分钟对附近队友布施[a2ff00]5000[-]经验和[a2ff00]500[-]金币（不会扣减布施者的经验和金币）。	5	0	0	-1	-1	-1	-1	0	7	121	0	1167	0	-1	0	-1	0	-1	0	-1	0	-1	38004	-1	-1	-1	-1	-1	46	46	-1	0	-1	-1	-1	-1	-1	-1	-1	-1
80055	师门技能6	805	每分钟对附近队友布施[a2ff00]6000[-]经验和[a2ff00]600[-]金币（不会扣减布施者的经验和金币）。	6	0	0	-1	-1	-1	-1	0	7	121	0	1167	0	-1	0	-1	0	-1	0	-1	0	-1	38005	-1	-1	-1	-1	-1	46	46	-1	0	-1	-1	-1	-1	-1	-1	-1	-1
80056	师门技能6	805	每分钟对附近队友布施[a2ff00]7000[-]经验和[a2ff00]700[-]金币（不会扣减布施者的经验和金币）。	7	0	0	-1	-1	-1	-1	0	7	121	0	1167	0	-1	0	-1	0	-1	0	-1	0	-1	38006	-1	-1	-1	-1	-1	46	46	-1	0	-1	-1	-1	-1	-1	-1	-1	-1
80057	师门技能6	805	每分钟对附近队友布施[a2ff00]8000[-]经验和[a2ff00]800[-]金币（不会扣减布施者的经验和金币）。	8	0	0	-1	-1	-1	-1	0	7	121	0	1167	0	-1	0	-1	0	-1	0	-1	0	-1	38007	-1	-1	-1	-1	-1	46	46	-1	0	-1	-1	-1	-1	-1	-1	-1	-1
80058	师门技能6	805	每分钟对附近队友布施[a2ff00]9000[-]经验和[a2ff00]900[-]金币（不会扣减布施者的经验和金币）。	9	0	0	-1	-1	-1	-1	0	7	121	0	1167	0	-1	0	-1	0	-1	0	-1	0	-1	38008	-1	-1	-1	-1	-1	46	46	-1	0	-1	-1	-1	-1	-1	-1	-1	-1
80059	师门技能6	805	每分钟对附近队友布施[a2ff00]10000[-]经验和[a2ff00]1000[-]金币（不会扣减布施者的经验和金币）。	10	0	0	-1	-1	-1	-1	0	7	121	0	1167	0	-1	0	-1	0	-1	0	-1	0	-1	38009	-1	-1	-1	-1	-1	46	46	-1	0	-1	-1	-1	-1	-1	-1	-1	-1
70077	世界BOSS技能1	723	生死符	1	0	0	-1	-1	-1	-1	0	20	122	0	6534	0	-1	0	-1	0	-1	0	-1	-1	-1	157002	27005	-1	-1	-1	-1	127	127	-1	-1	-1	-1	-1	-1	-1	-1	-1	-1
70078	世界BOSS技能2	724	八荒六合唯我独尊	1	0	0	-1	-1	-1	-1	0	20	123	0	1000	0	-1	0	-1	0	-1	0	-1	-1	-1	7005	-1	-1	-1	-1	-1	128	128	-1	-1	-1	-1	-1	-1	-1	-1	-1	-1
70079	苍山—刷出怪究极版	725	小无相功	1	0	0	-1	-1	-1	-1	0	20	44	0	1000	0	-1	0	-1	0	-1	0	-1	-1	-1	7005	-1	-1	-1	-1	-1	87	87	-1	-1	-1	-1	-1	-1	-1	-1	-1	-1
70080	聚贤庄-金刚盾伤害	727	聚贤庄-金刚盾伤害	1	0	0	-1	-1	-1	-1	0	20	0	0	1000	0	-1	0	-1	0	-1	0	-1	0	-1	7012	-1	-1	-1	-1	-1	110	110	-1	0	-1	-1	-1	-1	-1	-1	-1	-1
70081	燕王古墓BOSS1-帝王之相	728	帝王之相	1	0	0	-1	-1	-1	-1	0	10	101	0	1000	0	-1	0	-1	0	-1	0	-1	0	-1	47006	-1	-1	-1	-1	-1	122	122	-1	0	-1	-1	-1	-1	-1	-1	-1	-1
70082	燕王古墓BOSS2-权倾天下	729	权倾天下	1	0	0	-1	-1	-1	-1	0	20	102	0	1000	0	-1	0	-1	0	-1	0	-1	0	-1	47007	-1	-1	-1	-1	-1	123	123	-1	0	-1	-1	-1	-1	-1	-1	-1	-1
70083	燕王古墓BOSS3-皇天厚土	730	皇天厚土	1	0	0	-1	-1	-1	-1	0	20	103	0	1000	0	-1	0	-1	0	-1	0	-1	0	-1	7013	87003	-1	-1	-1	-1	124	124	-1	0	-1	-1	-1	-1	-1	-1	-1	-1
70084	燕王古墓BOSS4-奉天承运	731	奉天承运	1	0	0	-1	-1	-1	-1	0	20	104	0	1000	0	-1	0	-1	0	-1	0	-1	0	-1	57002	-1	-1	-1	-1	-1	125	125	-1	0	-1	-1	-1	-1	-1	-1	-1	-1
70085	燕王古墓BOSS5-斗转星移	732	斗转星移	1	0	0	-1	-1	-1	-1	0	20	105	0	1000	0	-1	0	-1	0	-1	0	-1	0	-1	157003	-1	-1	-1	-1	-1	126	126	-1	0	-1	-1	-1	-1	-1	-1	-1	-1
70086	少室山游坦之-易筋经	733	易筋经	1	0	0	-1	-1	-1	-1	0	2	107	0	1600	0	-1	0	-1	0	-1	0	-1	0	-1	47008	-1	-1	-1	-1	-1	111	111	-1	-1	-1	-1	-1	-1	-1	-1	-1	-1
70087	少室山丁春秋-三笑逍遥散	734	三笑逍遥散	1	0	0	-1	-1	-1	-1	0	10	108	0	1800	0	-1	0	-1	0	-1	0	-1	0	-1	67001	-1	-1	-1	-1	-1	106	106	-1	-1	-1	-1	-1	-1	-1	-1	-1	-1
70088	少室山丁春秋-腐尸无边	735	腐尸无边	1	0	0	-1	-1	-1	-1	0	3	109	0	1300	0	-1	0	-1	0	-1	0	-1	0	-1	37002	-1	-1	-1	-1	-1	107	107	-1	-1	-1	-1	-1	-1	-1	-1	-1	-1
70089	少室山鸠摩智-血祭	736	血祭	1	0	9	-1	-1	-1	-1	0	2	110	0	1700	0	-1	0	-1	0	-1	0	-1	0	-1	-1	-1	-1	-1	-1	-1	112	112	-1	-1	-1	-1	-1	-1	-1	-1	-1	-1
70090	少室山鸠摩智-无相神功	737	无相神功	1	0	9	-1	-1	-1	-1	0	2	111	0	1700	0	-1	0	-1	0	-1	0	-1	0	-1	-1	-1	-1	-1	-1	-1	113	113	-1	-1	-1	-1	-1	-1	-1	-1	-1	-1
70091	少室山慕容博-以彼之道还施彼身	738	以彼之道还施彼身	1	0	0	-1	-1	-1	-1	0	2	112	0	1700	0	-1	0	-1	0	-1	0	-1	0	-1	157004	-1	-1	-1	-1	-1	114	114	-1	-1	-1	-1	-1	-1	-1	-1	-1	-1
70092	少室山慕容博-复国大业	739	复国大业	1	0	9	-1	-1	-1	-1	0	2	113	0	1600	0	-1	0	-1	0	-1	0	-1	0	-1	-1	-1	-1	-1	-1	-1	115	115	-1	-1	-1	-1	-1	-1	-1	-1	-1	-1
70093	少室山萧远山-大海无量	740	大海无量	1	0	0	-1	-1	-1	-1	0	20	114	0	1500	0	-1	0	-1	0	-1	0	-1	0	-1	57003	-1	-1	-1	-1	-1	108	108	-1	-1	-1	-1	-1	-1	-1	-1	-1	-1
70094	少室山萧远山-袈裟伏魔功	741	袈裟伏魔功	1	0	0	-1	-1	-1	-1	0	20	115	0	1600	0	-1	0	-1	0	-1	0	-1	0	-1	117001	27010	7017	-1	-1	-1	109	109	-1	-1	-1	-1	-1	-1	-1	-1	-1	-1
90101	世界地图传送技	901	世界地图传送技	1	0	13	-1	-1	-1	-1	0	2	-1	5000	6000	5000	401	1000	-1	0	-1	0	-1	-1	-1	-1	-1	-1	-1	-1	-1	0	0	-1	-1	-1	-1	-1	-1	-1	-1	-1	-1
90102	切线专用传送技能	902	切线专用传送技能	1	0	13	-1	-1	-1	-1	0	2	-1	5000	6000	5000	-1	0	-1	0	-1	0	-1	-1	-1	-1	-1	-1	-1	-1	-1	0	0	-1	-1	-1	-1	-1	-1	-1	-1	-1	-1
90103	结婚播放动作技能-1	903	结婚播放动作技能	1	0	13	-1	-1	-1	-1	0	2	-1	5000	6000	5000	-1	0	-1	0	-1	0	-1	-1	-1	-1	-1	-1	-1	-1	-1	129	129	-1	-1	-1	-1	-1	-1	-1	-1	-1	-1
90104	结婚播放动作技能-2	903	结婚播放动作技能	1	0	13	-1	-1	-1	-1	0	2	-1	5000	6000	5000	-1	0	-1	0	-1	0	-1	-1	-1	-1	-1	-1	-1	-1	-1	129	129	-1	-1	-1	-1	-1	-1	-1	-1	-1	-1
90105	结婚播放动作技能-3	903	结婚播放动作技能	1	0	13	-1	-1	-1	-1	0	2	-1	5000	6000	5000	-1	0	-1	0	-1	0	-1	-1	-1	-1	-1	-1	-1	-1	-1	129	129	-1	-1	-1	-1	-1	-1	-1	-1	-1	-1
90201	珍珑棋局段延庆	909	段家剑	1	0	0	-1	-1	-1	-1	0	4	125	0	1500	0	-1	0	-1	0	-1	0	-1	0	-1	248011	-1	-1	-1	-1	-1	161	161	-1	-1	-1	-1	-1	-1	-1	-1	-1	-1
90202	珍珑棋局苏星河	910	天鉴神功	1	0	0	-1	-1	-1	-1	0	4	126	0	1500	0	-1	0	-1	0	-1	0	-1	0	-1	248012	-1	-1	-1	-1	-1	162	162	-1	-1	-1	-1	-1	-1	-1	-1	-1	-1
90203	珍珑棋局远古棋魂	911	落雷	1	0	8	-1	-1	-1	-1	0	8	127	0	1500	0	-1	0	-1	0	-1	0	-1	0	-1	248013	-1	-1	-1	-1	-1	163	163	-1	-1	-1	-1	-1	-1	-1	-1	-1	-1
