Id	DESC	szString	type_1	type_2
INT	STRING	STRING	BOOL	BOOL
#预留				
#过滤词汇	描述，策划维护	过滤词汇	聊天	命名
0		少林	0	1
1		天山	0	1
2		大理	0	1
3		逍遥	0	1
4		山魈头目	0	1
5		说书人	0	1
6		朱丹臣	0	1
7		褚万里	0	1
8		乔峰	0	1
9		裁缝	0	1
10		结婚	0	1
11		强化	0	1
12		节日	0	1
13		伙伴	0	1
14		商人	0	1
15		铁匠	0	1
16		活动	0	1
17		伙伴	0	1
18		酒楼	0	1
19		任务	0	1
20		商人	0	1
21		节日	0	1
22		强化	0	1
23		帮会	0	1
24		奖励	0	1
25		仓库	0	1
26		逍遥接引	0	1
27		少林接引	0	1
28		天山接引	0	1
29		大理接引	0	1
30		马伍德	0	1
31		钟灵	0	1
32		段誉	0	1
33		左子穆	0	1
34		司空玄	0	1
35		剑宗弟子	0	1
36		神农帮弟子	0	1
37		野狼	0	1
38		莽牯毒蛤	0	1
39		来福	0	1
40		甘宝宝	0	1
41		钟万仇	0	1
42		木婉清	0	1
43		平婆婆	0	1
44		江湖邪士	0	1
45		曼陀杀手	0	1
46		黑豹	0	1
47		龚光杰	0	1
48		干光豪	0	1
49		容子矩	0	1
50		左子穆	0	1
51		灵鹫宫圣使	0	1
52		黑衣人	0	1
53		少林精英	0	1
54		天山精英	0	1
55		大理精英	0	1
56		逍遥精英	0	1
57		带头大哥	0	1
58		神秘老人	0	1
59		马夫人	0	1
60		游骥	0	1
61		游驹	0	1
62		玄难	0	1
63		向望海	0	1
64		白世镜	0	1
65		丐帮弟子	0	1
66		聚贤庄庄客	0	1
67		少林弟子	0	1
68		江湖宵小	0	1
69		丐帮弟子	0	1
70		毒蟾蜍	0	1
71		毒狼	0	1
72		精钢盾	0	1
73		吴长老	0	1
74		藩邦探子	0	1
75		明王随从	0	1
76		红熊	0	1
77		熊王	0	1
78		秦家寨弟子	0	1
79		青城弟子	0	1
80		恶奴	0	1
81		姚伯当	0	1
82		司马林	0	1
83		宵小	0	1
84		马贼	0	1
85		漕运强盗	0	1
86		丐帮叛徒	0	1
87		西夏武士	0	1
88		一品堂高手	0	1
89		李延宗	0	1
90		剑客	0	1
91		刀客	0	1
92		家丁	0	1
93		少林铜人	0	1
94		猛虎	0	1
95		星宿弟子	0	1
96		戈壁马匪	0	1
97		宋兵	0	1
98		荒原豹	0	1
99		西夏兵	0	1
100		辽兵	0	1
101		盗贼	0	1
102		女真猎手	0	1
103		冰原狼	0	1
104		雪豹	0	1
105		玄天部众	0	1
106		昊天部众	0	1
107		叛乱洞主	0	1
108		豺	0	1
109		店小二	0	1
110		岳老三	0	1
111		刀白凤	0	1
112		叶二娘	0	1
113		云中鹤	0	1
114		本因	0	1
115		枯荣大师	0	1
116		鸠摩智	0	1
117		卢煮	0	1
118		阿碧	0	1
119		鸠摩智	0	1
120		郑屠	0	1
121		恶奴	0	1
122		阿朱	0	1
123		老黄	0	1
124		王夫人	0	1
125		王语嫣	0	1
126		木桩	0	1
127		吕长老	0	1
128		乔峰	0	1
129		赫连铁树	0	1
130		家丁	0	1
131		护院	0	1
132		武师	0	1
133		包不同	0	1
134		风波恶	0	1
135		公冶乾	0	1
136		邓百川	0	1
137		慕容复	0	1
138		祁六	0	1
139		灵隐	0	1
140		玄慈	0	1
141		鲍千灵	0	1
142		向望海	0	1
143		薛神医	0	1
144		苏星河	0	1
145		段延庆	0	1
146		远古棋魂	0	1
147		慕容德	0	1
148		慕容垂	0	1
149		慕容恪	0	1
150		慕容皝	0	1
151		慕容博	0	1
152		心魔	0	1
153		天山童姥	0	1
154		司仪	0	1
155		媒婆	0	1
156		段正明	0	1
157		段正淳	0	1
158		秦红棉	0	1
159		阮星竹	0	1
160		高升泰	0	1
161		巴天石	0	1
162		华赫艮	0	1
163		范骅	0	1
164		古笃诚	0	1
165		傅思归	0	1
166		崔百泉	0	1
167		过彦之	0	1
168		本观	0	1
169		本相	0	1
170		本参	0	1
171		黄眉大师	0	1
172		破嗔	0	1
173		萧远山	0	1
174		阿紫	0	1
175		游坦之	0	1
176		康敏	0	1
177		徐长老	0	1
178		项长老	0	1
179		陈长老	0	1
180		吴长老	0	1
181		宋长老	0	1
182		奚长老	0	1
183		全冠清	0	1
184		完颜阿骨打	0	1
185		耶律洪基	0	1
186		游骥	0	1
187		游驹	0	1
188		赵钱孙	0	1
189		单正	0	1
190		单伯山	0	1
191		单仲山	0	1
192		单叔山	0	1
193		单季山	0	1
194		单小山	0	1
195		智光大师	0	1
196		许卓诚	0	1
197		谭公	0	1
198		谭婆	0	1
199		谭青	0	1
200		乔三槐	0	1
201		无崖子	0	1
202		无涯子	0	1
203		天山童姥	0	1
204		李秋水	0	1
205		李清露	0	1
206		梦姑	0	1
207		银川公主	0	1
208		苏星河	0	1
209		丁春秋	0	1
210		康广陵	0	1
211		范百龄	0	1
212		苟读	0	1
213		吴领军	0	1
214		薛慕华	0	1
215		薛神医	0	1
216		冯阿三	0	1
217		李傀儡	0	1
218		石清露	0	1
219		摘星子	0	1
220		天狼子	0	1
221		出尘子	0	1
222		乌老大	0	1
223		桑土公	0	1
224		玄黄子	0	1
225		章达夫	0	1
226		瑞木元	0	1
227		黎夫人	0	1
228		安岛主	0	1
229		区岛主	0	1
230		哈大霸	0	1
231		余婆	0	1
232		石嫂	0	1
233		符敏仪	0	1
234		程青霜	0	1
235		梅剑	0	1
236		兰剑	0	1
237		竹剑	0	1
238		菊剑	0	1
239		辛双清	0	1
240		不平道长	0	1
241		芙蓉仙子	0	1
242		崔绿华	0	1
243		龚光杰	0	1
244		卓不凡	0	1
245		容子矩	0	1
246		干光豪	0	1
247		葛光佩	0	1
248		郁光标	0	1
249		钱光胜	0	1
250		唐光雄	0	1
251		扫地神僧	0	1
252		玄慈	0	1
253		玄渡	0	1
254		玄难	0	1
255		玄痛	0	1
256		玄苦	0	1
257		玄寂	0	1
258		玄惭	0	1
259		玄愧	0	1
260		玄念	0	1
261		玄净	0	1
262		慧真	0	1
263		慧观	0	1
264		慧方	0	1
265		止清	0	1
266		神山上人	0	1
267		观心大师	0	1
268		玄澄	0	1
269		灵门禅师	0	1
270		七指头陀	0	1
271		汪剑通	0	1
272		柯百岁	0	1
273		孙三霸	0	1
274		九翼道人	0	1
275		秦伯起	0	1
276		司马卫	0	1
277		骆氏三雄	0	1
278		包不靓	0	1
279		神仙姐姐	0	1
280		神仙姊姊	0	1
281		达摩	0	1
282		逍遥子	0	1
283		虚竹	0	1
284		李沧海	0	1
285		巫行云	0	1
286		庄聚贤	0	1
287		萧太后	0	1
288		扫地僧	0	1
289		扫地老僧	0	1
290		（達癩	1	1
291		（盜竊	1	1
292		（放蕩	1	1
293		（熱比婭	1	1
294		（伊斯蘭亞格林尼斯	1	1
295		*法*轮*功*	1	1
296		*法*轮*功*靠	1	1
297		*李*洪*志*	1	1
298		*李*洪*志*靠	1	1
299		.ad	1	1
300		.ae	1	1
301		.aero	1	1
302		.af	1	1
303		.ag	1	1
304		.ai	1	1
305		.al	1	1
306		.am	1	1
307		.an	1	1
308		.ao	1	1
309		.aq	1	1
310		.ar	1	1
311		.arpa	1	1
312		.as	1	1
313		.at	1	1
314		.au	1	1
315		.aw	1	1
316		.az	1	1
317		.ba	1	1
318		.bb	1	1
319		.bd	1	1
320		.be	1	1
321		.bf	1	1
322		.bg	1	1
323		.bh	1	1
324		.bi	1	1
325		.biz	1	1
326		.bj	1	1
327		.bm	1	1
328		.bn	1	1
329		.bo	1	1
330		.br	1	1
331		.bs	1	1
332		.bt	1	1
333		.bv	1	1
334		.bw	1	1
335		.by	1	1
336		.bz	1	1
337		.ca	1	1
338		.cc	1	1
339		.cf	1	1
340		.cg	1	1
341		.ch	1	1
342		.ci	1	1
343		.ck	1	1
344		.cl	1	1
345		.cm	1	1
346		.cn	1	1
347		.co	1	1
348		.com	1	1
349		.coop	1	1
350		.cq	1	1
351		.cr	1	1
352		.cu	1	1
353		.cv	1	1
354		.cx	1	1
355		.cy	1	1
356		.cz	1	1
357		.de	1	1
358		.dj	1	1
359		.dk	1	1
360		.dm	1	1
361		.do	1	1
362		.dz	1	1
363		.ec	1	1
364		.edu	1	1
365		.ee	1	1
366		.eg	1	1
367		.eh	1	1
368		.es	1	1
369		.et	1	1
370		.ev	1	1
371		.fi	1	1
372		.fj	1	1
373		.fk	1	1
374		.fm	1	1
375		.fo	1	1
376		.fr	1	1
377		.ga	1	1
378		.gb	1	1
379		.gd	1	1
380		.ge	1	1
381		.gf	1	1
382		.gh	1	1
383		.gi	1	1
384		.gl	1	1
385		.gm	1	1
386		.gn	1	1
387		.gov	1	1
388		.gp	1	1
389		.gr	1	1
390		.gt	1	1
391		.gu	1	1
392		.gw	1	1
393		.gy	1	1
394		.hk	1	1
395		.hm	1	1
396		.hn	1	1
397		.hr	1	1
398		.ht	1	1
399		.hu	1	1
400		.id	1	1
401		.ie	1	1
402		.il	1	1
403		.in	1	1
404		.info	1	1
405		.int	1	1
406		.io	1	1
407		.iq	1	1
408		.ir	1	1
409		.is	1	1
410		.it	1	1
411		.jm	1	1
412		.jo	1	1
413		.jp	1	1
414		.ke	1	1
415		.kg	1	1
416		.kh	1	1
417		.ki	1	1
418		.km	1	1
419		.kn	1	1
420		.kp	1	1
421		.kr	1	1
422		.kw	1	1
423		.ky	1	1
424		.kz	1	1
425		.la	1	1
426		.lb	1	1
427		.lc	1	1
428		.li	1	1
429		.lk	1	1
430		.lr	1	1
431		.ls	1	1
432		.lt	1	1
433		.lu	1	1
434		.lv	1	1
435		.ly	1	1
436		.ma	1	1
437		.mc	1	1
438		.md	1	1
439		.mg	1	1
440		.mh	1	1
441		.mil	1	1
442		.ml	1	1
443		.mm	1	1
444		.mn	1	1
445		.mo	1	1
446		.mp	1	1
447		.mq	1	1
448		.mr	1	1
449		.ms	1	1
450		.mt	1	1
451		.museum	1	1
452		.mv	1	1
453		.mw	1	1
454		.mx	1	1
455		.my	1	1
456		.mz	1	1
457		.na	1	1
458		.name	1	1
459		.nc	1	1
460		.ne	1	1
461		.net	1	1
462		.nf	1	1
463		.ng	1	1
464		.ni	1	1
465		.nl	1	1
466		.no	1	1
467		.np	1	1
468		.nr	1	1
469		.nt	1	1
470		.nu	1	1
471		.nz	1	1
472		.om	1	1
473		.org	1	1
474		.pa	1	1
475		.pe	1	1
476		.pf	1	1
477		.pg	1	1
478		.ph	1	1
479		.pk	1	1
480		.pl	1	1
481		.pm	1	1
482		.pn	1	1
483		.pr	1	1
484		.pro	1	1
485		.pt	1	1
486		.pw	1	1
487		.py	1	1
488		.qa	1	1
489		.re	1	1
490		.ro	1	1
491		.ru	1	1
492		.rw	1	1
493		.sa	1	1
494		.sb	1	1
495		.sc	1	1
496		.sd	1	1
497		.se	1	1
498		.sg	1	1
499		.sh	1	1
500		.si	1	1
501		.sj	1	1
502		.sk	1	1
503		.sl	1	1
504		.sm	1	1
505		.sn	1	1
506		.so	1	1
507		.sr	1	1
508		.st	1	1
509		.su	1	1
510		.sy	1	1
511		.sz	1	1
512		.tc	1	1
513		.td	1	1
514		.tf	1	1
515		.tg	1	1
516		.th	1	1
517		.tj	1	1
518		.tk	1	1
519		.tm	1	1
520		.tn	1	1
521		.to	1	1
522		.tp	1	1
523		.tr	1	1
524		.tt	1	1
525		.tv	1	1
526		.tw	1	1
527		.tz	1	1
528		.ua	1	1
529		.ug	1	1
530		.uk	1	1
531		.us	1	1
532		.uy	1	1
533		.va	1	1
534		.vc	1	1
535		.ve	1	1
536		.vg	1	1
537		.vn	1	1
538		.vu	1	1
539		.wf	1	1
540		.ws	1	1
541		.ye	1	1
542		.yu	1	1
543		.za	1	1
544		.zm	1	1
545		.zr	1	1
546		.zw	1	1
547		@sshole	1	1
548		@sshole靠	1	1
549		∪R	1	1
550		∪R靠	1	1
551		01gh.com	1	1
552		09city.com	1	1
553		1000scarf.com	1	1
554		1100y.com	1	1
555		11xp.1243.net.cn	1	1
556		1234chengren.1249.net.cn	1	1
557		131.com	1	1
558		13888wg.com	1	1
559		13点靠	1	1
560		158le.com	1	1
561		166578.cn	1	1
562		17173dl.net	1	1
563		17173yxdl.cn	1	1
564		17youle.com	1	1
565		18900.com	1	1
566		18摸 	1	1
567		1qmsj.com	1	1
568		1t1t.com	1	1
569		202333.com	1	1
570		208.43.198.56	1	1
571		21世纪中国基金会	1	1
572		2y7v.cnhwxvote.cn	1	1
573		2逼靠	1	1
574		365gn	1	1
575		365tttyx.com	1	1
576		37447.cn	1	1
577		3P	1	1
578		51jiafen.cn	1	1
579		52ppsa.cn	1	1
580		52sxhy.cn	1	1
581		54hero.com	1	1
582		567567aa.cn	1	1
583		58.253.67.74	1	1
584		597ft.com	1	1
585		5d6d.com	1	1
586		5m5m5m.com	1	1
587		610办公室靠	1	1
588		6-4tianwang	1	1
589		64靠	1	1
590		661661.com	1	1
591		6人被逮	1	1
592		7.5事件	1	1
593		71ka.com	1	1
594		7mmo.com	1	1
595		8 仙	1	1
596		8 仙靠	1	1
597		888895.com	1	1
598		88mysf.com	1	1
599		89-64cdjp	1	1
600		89靠	1	1
601		8仙	1	1
602		8仙靠	1	1
603		91bysd.cn	1	1
604		92klgh.cn	1	1
605		92wydl.com	1	1
606		a$$hole	1	1
607		a$shole	1	1
608		aa.yazhousetu.hi.9705.net.cn	1	1
609		aaac.s.51524.com	1	1
610		aaad.s.59764.com	1	1
611		ADMIN	1	1
612		admin靠	1	1
613		AIDS	1	1
614		Aiort墓地	1	1
615		ai滋	1	1
616		Arqus会议场	1	1
617		as$hole	1	1
618		asgardcn.com	1	1
619		ASS	1	1
620		asshole	1	1
621		Atan的移动石	1	1
622		A片	1	1
623		Baichi	1	1
624		baijie.1249.net.cn	1	1
625		Baopi	1	1
626		Bao皮	1	1
627		bastard	1	1
628		bbs.766.com	1	1
629		bbs.7gg.cn	1	1
630		bbs.butcn.com	1	1
631		bbs.pkmmo.whoyo.com	1	1
632		bbscity	1	1
633		bcd.s.59764.com	1	1
634		beijingspring	1	1
635		biaozi	1	1
636		Biao子	1	1
637		bignews	1	1
638		Bitch	1	1
639		Bi样	1	1
640		bjzc	1	1
641		bl62.com	1	1
642		blacksee.com.cn	1	1
643		BLOW	1	1
644		BLOWJOB	1	1
645		boxun	1	1
646		bt	1	1
647		bulaoge.com	1	1
648		butthead	1	1
649		butthole	1	1
650		bz176.com	1	1
651		B样	1	1
652		c a o	1	1
653		c a o靠	1	1
654		canyaa.com	1	1
655		cao	1	1
656		caoB	1	1
657		caobi	1	1
658		cao靠	1	1
659		cao你	1	1
660		cao你大爷	1	1
661		cao你妈	1	1
662		Carrefour	1	1
663		cdjp	1	1
664		cdream.com	1	1
665		cha你	1	1
666		chengmingmag	1	1
667		chengrenmanhua.1242.net.cn	1	1
668		chengrenwangzhi.1242.net.cn	1	1
669		chinaliberal	1	1
670		chinamz	1	1
671		chinavfx.net	1	1
672		chinesenewsnet	1	1
673		chinesenewsweek	1	1
674		Clockgemstone	1	1
675		cnaicheng.1174.net.cn	1	1
676		consignment5173	1	1
677		creaders	1	1
678		Crestbone	1	1
679		cunt	1	1
680		dadati.com	1	1
681		dafa	1	1
682		dajiyuan	1	1
683		damm	1	1
684		damn	1	1
685		dfdz	1	1
686		DICK	1	1
687		digitallongking.com	1	1
688		dingxiang.1243.net.cn	1	1
689		dingxiang.1249.net	1	1
690		dl.com	1	1
691		dolbbs.com	1	1
692		dpp	1	1
693		e7sw.cn	1	1
694		eee.xaoh.cn	1	1
695		eight仙	1	1
696		eight仙靠	1	1
697		ent365.com	1	1
698		epochtime	1	1
699		epochtimes	1	1
700		EVENT	1	1
701		E周刊	1	1
702		F.L.G	1	1
703		falu	1	1
704		falun	1	1
705		falundafa	1	1
706		fawanghuihui	1	1
707		FA轮	1	1
708		fa轮 	1	1
709		Feelmistone	1	1
710		feitengdl.com	1	1
711		fgmtv	1	1
712		Fku	1	1
713		flg	1	1
714		fofg	1	1
715		fosaon	1	1
716		freechina	1	1
717		freedom	1	1
718		freenet	1	1
719		fu(	1	1
720		fuc	1	1
721		FUCK	1	1
722		FUCKYOU	1	1
723		fuck靠	1	1
724		fuck氵去	1	1
725		fuck骚	1	1
726		fuck色情	1	1
727		fuck色情电影	1	1
728		fuck色情服务	1	1
729		fuck色情小电影	1	1
730		fuck杀人犯	1	1
731		fuck傻B	1	1
732		fuck傻屄	1	1
733		fuck傻逼	1	1
734		fuck傻比	1	1
735		fuck傻吊	1	1
736		fuck傻卵	1	1
737		fuck傻子	1	1
738		fuck煞逼	1	1
739		fuck商务部	1	1
740		fuck上你	1	1
741		fuck上妳	1	1
742		fuck社.会.正.义.力.量	1	1
743		fuck社保基金会	1	1
744		fuck社会主义	1	1
745		fuck社科院	1	1
746		fuck射精	1	1
747		fuck身份生成器	1	1
748		fuck神经病	1	1
749		fuck神通加持法	1	1
750		fuck审计署	1	1
751		fuck升达毕业证	1	1
752		fuck生春袋	1	1
753		fuck生孩子没屁眼	1	1
754		fuck生鸦片	1	1
755		fuck圣女峰	1	1
756		fuck湿透的内裤	1	1
757		fuck十八摸	1	1
758		fuck十年动乱	1	1
759		fuck十五周年	1	1
760		fuck石进	1	1
761		fuck食捻屎	1	1
762		fuck食屎	1	1
763		fuck驶你爸	1	1
764		fuck驶你公	1	1
765		fuck驶你老母	1	1
766		fuck驶你老师	1	1
767		fuck驶你母	1	1
768		fuck驶你娘	1	1
769		fuck世界日报	1	1
770		fuck是鸡	1	1
771		fuck手机复制	1	1
772		fuck手淫	1	1
773		fuck受虐狂	1	1
774		fuck售ID	1	1
775		fuck售号	1	1
776		fuck售软件	1	1
777		fuck双峰微颤	1	1
778		fuck水利部	1	1
779		fuck水去车仑	1	1
780		fuck税务总局	1	1
781		fuck司法部	1	1
782		fuck私/服	1	1
783		fuck私\\服	1	1
784		fuck私服	1	1
785		fuck私-服	1	1
786		fuck私—服	1	1
787		fuck斯大林	1	1
788		fuck死gd	1	1
789		fuck死gm	1	1
790		fuck死全家	1	1
791		fuck四川独立	1	1
792		fuck四人帮	1	1
793		fuck宋楚瑜	1	1
794		fuck宋祖英	1	1
795		fuck孙文	1	1
796		fuck孙逸仙	1	1
797		fuck孙中山	1	1
798		fuck他爹	1	1
799		fuck他妈	1	1
800		fuck他妈的	1	1
801		fuck他马的	1	1
802		fuck他母亲	1	1
803		fuck他祖宗	1	1
804		fuck台办	1	1
805		fuck台独	1	1
806		fuck台联	1	1
807		fuck台湾党	1	1
808		fuck台湾帝国	1	1
809		fuck台湾独立	1	1
810		fuck台湾共产党	1	1
811		fuck台湾共和国	1	1
812		fuck台湾狗	1	1
813		fuck台湾国	1	1
814		fuck台湾民国	1	1
815		fuck太监	1	1
816		fuck太子党	1	1
817		fuck唐家璇	1	1
818		fuck特别公告	1	1
819		fuck特码	1	1
820		fuck体育总局	1	1
821		fuck天安门	1	1
822		fuck天安门档案	1	1
823		fuck天安门录像带	1	1
824		fuck天安门事件	1	1
825		fuck天安门屠杀	1	1
826		fuck天安门一代	1	1
827		fuck天鹅之旅	1	1
828		fuck天皇	1	1
829		fuck天皇陛下	1	1
830		fuck田纪云	1	1
831		fuck舔西	1	1
832		fuck铁道部	1	1
833		fuck统计局	1	1
834		fuck投毒杀人	1	1
835		fuck透视软件	1	1
836		fuck透视眼镜	1	1
837		fuck推油	1	1
838		fuck退党	1	1
839		fuck托管理事会	1	1
840		fuck外　挂	1	1
841		fuck外/挂	1	1
842		fuck外\\挂	1	1
843		fuck外_挂	1	1
844		fuck外挂	1	1
845		fuck外-挂	1	1
846		fuck外—挂	1	1
847		fuck外汇局	1	1
848		fuck外交部	1	1
849		fuck外专局	1	1
850		fuck晚年周恩来	1	1
851		fuck万税	1	1
852		fuck王八蛋	1	1
853		fuck王宝森	1	1
854		fuck王刚	1	1
855		fuck王昊	1	1
856		fuck王乐泉	1	1
857		fuck王岐山	1	1
858		fuck王太华	1	1
859		fuck王兆国	1	1
860		fuck王震	1	1
861		fuck网管	1	1
862		fuck威而钢	1	1
863		fuck威而柔	1	1
864		fuck卫生部	1	1
865		fuck尉健行	1	1
866		fuck温加宝	1	1
867		fuck温家宝	1	1
868		fuck温家保	1	1
869		fuck温馨	1	1
870		fuck温总理	1	1
871		fuck文化部	1	1
872		fuck文物局	1	1
873		fuck倭国	1	1
874		fuck倭寇	1	1
875		fuck我操	1	1
876		fuck我操你	1	1
877		fuck我干	1	1
878		fuck我妳老爸	1	1
879		fuck我日	1	1
880		fuck我日你	1	1
881		fuck无界浏览器	1	1
882		fuck吴　仪	1	1
883		fuck吴邦国	1	1
884		fuck吴官正	1	1
885		fuck吴仪	1	1
886		fuck五星红旗	1	1
887		fuck西藏独立	1	1
888		fuck西藏天葬	1	1
889		fuck希拉克	1	1
890		fuck希特勒	1	1
891		fuck希望之声	1	1
892		fuck洗脑班	1	1
893		fuck系统	1	1
894		fuck系统公告	1	1
895		fuck系统讯息	1	1
896		fuck鲜族	1	1
897		fuck乡巴佬	1	1
898		fuck想上你	1	1
899		fuck小鸡鸡	1	1
900		fuck小泉	1	1
901		fuck小泉纯一郎	1	1
902		fuck小日本	1	1
903		fuck小肉粒	1	1
904		fuck小乳头	1	1
905		fuck小穴	1	1
906		fuck邪教	1	1
907		fuck新党	1	1
908		fuck新光明	1	1
909		fuck新华内情	1	1
910		fuck新华社	1	1
911		fuck新疆独立	1	1
912		fuck新生网	1	1
913		fuck新手指导员	1	1
914		fuck新唐人	1	1
915		fuck新闻办	1	1
916		fuck新闻出版	1	1
917		fuck新闻出版署	1	1
918		fuck新闻出版总署	1	1
919		fuck新闻管制	1	1
920		fuck新义安	1	1
921		fuck信访局	1	1
922		fuck信息产业部	1	1
923		fuck兴奋剂	1	1
924		fuck性爱	1	1
925		fuck性交	1	1
926		fuk	1	1
927		fv(	1	1
928		fvc	1	1
929		fy371.com	1	1
930		g365.net	1	1
931		ＧＡＭＥ　ｍａｓｔｅｒ	1	1
932		GameMaste	1	1
933		GAMEMASTER	1	1
934		gan你	1	1
935		g-bits	1	1
936		gc365	1	1
937		GCD	1	1
938		geocities.com	1	1
939		gigabyte.cn	1	1
940		globalrescue	1	1
941		Gm	1	1
942		ＧＭ	1	1
943		gogo.net	1	1
944		Gruepin	1	1
945		gssmtt.com	1	1
946		HACKING	1	1
947		haosilu.com	1	1
948		haouse.cn	1	1
949		hongzhi	1	1
950		host800.com	1	1
951		hrichina	1	1
952		huanet	1	1
953		huangsexiaoshuo.1242.net.cn	1	1
954		hypermart.net	1	1
955		h站	1	1
956		h站靠	1	1
957		i9game.com	1	1
958		icpcn.com	1	1
959		id666.uqc.cn	1	1
960		ieboy.cn	1	1
961		incest	1	1
962		ising99.com	1	1
963		item	1	1
964		itnongzhuang.com	1	1
965		J8	1	1
966		j8靠	1	1
967		JB	1	1
968		JB靠	1	1
969		jiangdongriji	1	1
970		jian你	1	1
971		jiaochuang	1	1
972		jiaochun	1	1
973		jiayyou.cn	1	1
974		jiba	1	1
975		jinpaopao.com	1	1
976		jinv	1	1
977		Ji女	1	1
978		jj.pangfangwuyuetian.hi.9705.net.cn	1	1
979		jooplay.com	1	1
980		kao	1	1
981		KISSMYASS	1	1
982		kkk.xaoh.cn	1	1
983		ko180	1	1
984		kyohwangmark	1	1
985		K他命	1	1
986		l2jsom.cn	1	1
987		Lhakar	1	1
988		lihongzhi	1	1
989		likeko.com	1	1
990		lll.xaoh.cn	1	1
991		lordren.com	1	1
992		lunlidianying.1274.net.cn	1	1
993		lunlidianyingxiazai.1174.net.cn	1	1
994		luosisa.cn	1	1
995		luoxialu.cn	1	1
996		lxsm888.com	1	1
997		lybbs.info	1	1
998		Mai骚	1	1
999		making	1	1
1000		meiguiqingren.1274.net.cn	1	1
1001		minghui	1	1
1002		minghuinews	1	1
1003		mingpaonews	1	1
1004		minhui	1	1
1005		nacb	1	1
1006		naive	1	1
1007		nbfib.cn	1	1
1008		ncyh.cn	1	1
1009		Neckromancer	1	1
1010		newsmth.net	1	1
1011		niuniujidi.1174.net.cn	1	1
1012		NMD	1	1
1013		nmis	1	1
1014		NND	1	1
1015		NPC靠	1	1
1016		okaygood.cn	1	1
1017		on9	1	1
1018		ooo.xaoh.cn	1	1
1019		orgasmus	1	1
1020		paper64	1	1
1021		parke888.com	1	1
1022		pcikcatv.2om	1	1
1023		pcikchina.com	1	1
1024		peacehall	1	1
1025		penis	1	1
1026		phuc	1	1
1027		piss	1	1
1028		pkmmo.com	1	1
1029		playboy	1	1
1030		ppt.cc	1	1
1031		prettyirene.net	1	1
1032		pussy	1	1
1033		qgqm.org	1	1
1034		qiangjian	1	1
1035		qingsewuyuetian.1174.net.cn	1	1
1036		qtoy.com	1	1
1037		Rape	1	1
1038		reddidi.com.cn	1	1
1039		renminbao	1	1
1040		renmingbao	1	1
1041		rfa	1	1
1042		ri	1	1
1043		rivals	1	1
1044		rivals靠	1	1
1045		rrr.xaoh.cn	1	1
1046		safeweb	1	1
1047		saobi	1	1
1048		SB	1	1
1049		screw	1	1
1050		secretchina	1	1
1051		sega	1	1
1052		sewuyuetian.1174.net.cn	1	1
1053		sewuyuetian.1274.net.cn	1	1
1054		sex	1	1
1055		sf	1	1
1056		sh!t	1	1
1057		shengda	1	1
1058		shit	1	1
1059		showka8.com	1	1
1060		shyt	1	1
1061		simple	1	1
1062		siwameitui.1274.net.cn	1	1
1063		sjlike.com	1	1
1064		SM	1	1
1065		snatch	1	1
1066		soundofhope	1	1
1067		stlmbbs.cn	1	1
1068		SUCK	1	1
1069		sucker	1	1
1070		svdc	1	1
1071		System	1	1
1072		szlmgh.cn	1	1
1073		T.M.D	1	1
1074		T.M.D靠	1	1
1075		taip	1	1
1076		taobao	1	1
1077		taobao靠	1	1
1078		tb.hi.4024.net.cn	1	1
1079		tibetalk	1	1
1080		tlyx-game.cn	1	1
1081		tmd	1	1
1082		TMD靠	1	1
1083		tnnd	1	1
1084		tont.cn	1	1
1085		triangle	1	1
1086		triangleboy	1	1
1087		Tringel	1	1
1088		u   r靠	1	1
1089		U  R靠	1	1
1090		u r	1	1
1091		u r靠	1	1
1092		U/R	1	1
1093		U/R靠	1	1
1094		ul86.com	1	1
1095		UltraSurf	1	1
1096		unixbox	1	1
1097		UR	1	1
1098		ＵＲ	1	1
1099		U-R	1	1
1100		urban	1	1
1101		urban-rivals	1	1
1102		urban-rivals靠	1	1
1103		urban靠	1	1
1104		urTNND	1	1
1105		UR靠	1	1
1106		ＵＲ靠	1	1
1107		U-R靠	1	1
1108		ustibet	1	1
1109		uu1001.com	1	1
1110		vip886.com	1	1
1111		voa	1	1
1112		voachinese	1	1
1113		wangce	1	1
1114		wangyoudl.com	1	1
1115		webgame.com.cn	1	1
1116		webgame.com.cn靠	1	1
1117		WEBZEN	1	1
1118		WEB牌戰	1	1
1119		WEB牌戰靠	1	1
1120		WEB战牌	1	1
1121		WEB战牌靠	1	1
1122		weelaa	1	1
1123		WG	1	1
1124		wg7766.cn	1	1
1125		wgxiaowu.com	1	1
1126		woyinwose.1243.net.cn	1	1
1127		wstaiji	1	1
1128		www.	1	1
1129		www.23nice.com.cn	1	1
1130		www.2q5q.com	1	1
1131		www.315ts.net	1	1
1132		www.365jw.com	1	1
1133		www.50spcombaidu1828adyou97sace.co.cc	1	1
1134		www.567yx.com	1	1
1135		www.70yx.com	1	1
1136		www.766.com	1	1
1137		www.91wangyou.com	1	1
1138		www.976543.com	1	1
1139		www.978808.com	1	1
1140		www.99game.net	1	1
1141		www.anule.cn	1	1
1142		www.bin5.cn	1	1
1143		www.dy6789.cn	1	1
1144		www.foyeye.com	1	1
1145		www.gamelifeclub.cn	1	1
1146		www.gardcn.com	1	1
1147		www.gw17173.cn	1	1
1148		www.legu.com	1	1
1149		www.maituan.com	1	1
1150		www.neicehao.cn	1	1
1151		www.sanjidianying.com.cn	1	1
1152		www.sexwyt.com	1	1
1153		www.sf766.com.cn	1	1
1154		www.wang567.com	1	1
1155		www.wow366.cn	1	1
1156		www.xaoh.cn	1	1
1157		www.yhzt.org	1	1
1158		www.ylteam.cn	1	1
1159		www.yxnpc.com	1	1
1160		www.zsyxhd.cn	1	1
1161		www.zxkaku.cn	1	1
1162		www.zy528.com	1	1
1163		wy33.com	1	1
1164		wy3868.com	1	1
1165		wy724.com	1	1
1166		xiao77.1243.net.cn	1	1
1167		xiao77luntan.1249.net.cn	1	1
1168		xiaoqinzaixian.cn	1	1
1169		xingqingzhongren.1174.net.cn	1	1
1170		xinguangming	1	1
1171		xinsheng	1	1
1172		xiuau.cn	1	1
1173		xl517.com	1	1
1174		xq-wl.cn	1	1
1175		xya3.cn	1	1
1176		yaokong7.com	1	1
1177		youxiji888.cn	1	1
1178		ys168.com	1	1
1179		yuanming	1	1
1180		yuanmingxinsheng	1	1
1181		yuming	1	1
1182		yz55.cn	1	1
1183		zaixu.net	1	1
1184		zhengjian	1	1
1185		zhengjianwang	1	1
1186		zhengqing	1	1
1187		zhengwunet	1	1
1188		zhenshanren	1	1
1189		zhongguohun	1	1
1190		zhuanfalun	1	1
1191		zxsj188.com	1	1
1192		zy666.net	1	1
1193		zzmysf.com	1	1
1194		zzz.xaoh.cn	1	1
1195		阿扁万岁	1	1
1196		阿扁萬歲	1	1
1197		阿拉法特	1	1
1198		啊無卵	1	1
1199		哀悼	1	1
1200		挨球	1	1
1201		艾滋	1	1
1202		爱液	1	1
1203		爱滋	1	1
1204		愛滋	1	1
1205		安非他命	1	1
1206		安南	1	1
1207		安全局	1	1
1208		垵	1	1
1209		奧克拉	1	1
1210		嶴	1	1
1211		澳洲光明网	1	1
1212		八 仙	1	1
1213		八 仙靠	1	1
1214		八九	1	1
1215		八九风波	1	1
1216		八仙	1	1
1217		八仙靠	1	1
1218		白粉	1	1
1219		白立樸	1	1
1220		白莲教	1	1
1221		白皮書	1	1
1222		白色星期三	1	1
1223		班禅	1	1
1224		班禪	1	1
1225		办理文凭	1	1
1226		办理证件	1	1
1227		包皮	1	1
1228		薄一波	1	1
1229		保钓	1	1
1230		保釣	1	1
1231		保监会	1	1
1232		保密局	1	1
1233		鸨	1	1
1234		报警	1	1
1235		鲍岳桥	1	1
1236		暴动	1	1
1237		暴恐	1	1
1238		暴力事件	1	1
1239		暴乱	1	1
1240		暴亂	1	1
1241		暴徒	1	1
1242		暴徒、昆明火车站	1	1
1243		爆破	1	1
1244		北大三角地论坛	1	1
1245		北大三角地論壇	1	1
1246		北韩	1	1
1247		北韓	1	1
1248		北京当局	1	1
1249		北京當局	1	1
1250		北京路	1	1
1251		北京之春	1	1
1252		北美自由论坛	1	1
1253		北美自由論壇	1	1
1254		贝肉	1	1
1255		貝尤爾	1	1
1256		被抓	1	1
1257		本拉登	1	1
1258		苯比	1	1
1259		笨屄	1	1
1260		笨逼	1	1
1261		屄	1	1
1262		屄毛	1	1
1263		逼毛	1	1
1264		逼你老母	1	1
1265		逼迫	1	1
1266		逼样	1	1
1267		逼樣	1	1
1268		比毛	1	1
1269		比样	1	1
1270		比樣	1	1
1271		蹕	1	1
1272		颮	1	1
1273		鑣	1	1
1274		婊	1	1
1275		婊子	1	1
1276		婊子靠	1	1
1277		婊子养的	1	1
1278		婊子養的	1	1
1279		賓周	1	1
1280		冰毒	1	1
1281		冰後	1	1
1282		波霸	1	1
1283		博讯	1	1
1284		博訊	1	1
1285		不爽不要錢	1	1
1286		不玩了	1	1
1287		不玩了靠	1	1
1288		布莱尔	1	1
1289		布萊爾	1	1
1290		布雷尔	1	1
1291		布雷爾	1	1
1292		布什	1	1
1293		步行街	1	1
1294		财政部	1	1
1295		蔡崇國	1	1
1296		蔡啓芳	1	1
1297		参事室	1	1
1298		黲	1	1
1299		藏独	1	1
1300		藏独靠	1	1
1301		藏獨	1	1
1302		藏妇会	1	1
1303		藏青会	1	1
1304		藏人	1	1
1305		藏人行政中央	1	1
1306		藏人支持和赞成	1	1
1307		藏人自焚	1	1
1308		藏人自焚档案	1	1
1309		操	1	1
1310		操GM	1	1
1311		操XX	1	1
1312		操薄一波	1	1
1313		操逼	1	1
1314		操逼毛	1	1
1315		操逼你老母	1	1
1316		操逼样	1	1
1317		操比	1	1
1318		操比毛	1	1
1319		操婊	1	1
1320		操婊子	1	1
1321		操宾周	1	1
1322		操冰毒	1	1
1323		操波霸	1	1
1324		操博讯	1	1
1325		操布莱尔	1	1
1326		操布雷尔	1	1
1327		操布什	1	1
1328		操财政部	1	1
1329		操参事室	1	1
1330		操藏独	1	1
1331		操操	1	1
1332		操操GM	1	1
1333		操操XX	1	1
1334		操操逼	1	1
1335		操操比	1	1
1336		操操蛋	1	1
1337		操操你	1	1
1338		操操你八辈祖宗	1	1
1339		操操你妈	1	1
1340		操操你妈屄	1	1
1341		操操他	1	1
1342		操曹刚川	1	1
1343		操草的你妈	1	1
1344		操草妈	1	1
1345		操草拟妈	1	1
1346		操草你妈	1	1
1347		操肏	1	1
1348		操测绘局	1	1
1349		操插GM	1	1
1350		操插你	1	1
1351		操插你妈	1	1
1352		操插妳	1	1
1353		操插深些	1	1
1354		操产权局	1	1
1355		操朝鲜	1	1
1356		操车臣	1	1
1357		操车仑	1	1
1358		操陈功	1	1
1359		操陈良宇	1	1
1360		操陈水扁	1	1
1361		操陈希同	1	1
1362		操陈晓宁	1	1
1363		操陈毅	1	1
1364		操陈至立	1	1
1365		操成人电影	1	1
1366		操成人片	1	1
1367		操吃大便	1	1
1368		操吃屎	1	1
1369		操迟浩田	1	1
1370		操赤匪	1	1
1371		操抽插	1	1
1372		操抽你丫的	1	1
1373		操臭化西	1	1
1374		操出售假币	1	1
1375		操出售枪支	1	1
1376		操出售手枪	1	1
1377		操吹喇叭	1	1
1378		操吹箫	1	1
1379		操春药	1	1
1380		操蠢猪	1	1
1381		操戳你	1	1
1382		操粗制吗啡	1	1
1383		操催情药	1	1
1384		操达赖	1	1
1385		操达赖喇嘛	1	1
1386		操打炮	1	1
1387		操大*FA弟*子	1	1
1388		操大B	1	1
1389		操大逼	1	1
1390		操大便	1	1
1391		操大波波	1	1
1392		操大东亚共荣	1	1
1393		操大法	1	1
1394		操蛋	1	1
1395		操鶏	1	1
1396		操林	1	1
1397		操那嗎B	1	1
1398		操那嗎逼	1	1
1399		操那嗎比	1	1
1400		操那吗B	1	1
1401		操那吗逼	1	1
1402		操那吗比	1	1
1403		操尼	1	1
1404		操你	1	1
1405		操你八辈祖宗	1	1
1406		操你姐	1	1
1407		操你老母	1	1
1408		操你妈	1	1
1409		操你妈屄	1	1
1410		操你妈靠	1	1
1411		操你媽	1	1
1412		操你妹	1	1
1413		操你奶	1	1
1414		操你全家	1	1
1415		操你爷爷	1	1
1416		操你爺爺	1	1
1417		操妳妈	1	1
1418		操他	1	1
1419		操他妈	1	1
1420		操她	1	1
1421		操她妈	1	1
1422		曹长青	1	1
1423		艹	1	1
1424		草的你妈	1	1
1425		草妈	1	1
1426		草拟妈	1	1
1427		草你	1	1
1428		草你 妈	1	1
1429		草你妈	1	1
1430		草你妈靠	1	1
1431		草你媽	1	1
1432		草擬媽	1	1
1433		肏	1	1
1434		侧那	1	1
1435		测绘局	1	1
1436		测拿	1	1
1437		插GM	1	1
1438		插那嗎B	1	1
1439		插那嗎逼	1	1
1440		插那嗎比	1	1
1441		插那吗B	1	1
1442		插那吗逼	1	1
1443		插那吗比	1	1
1444		插你	1	1
1445		插你妈	1	1
1446		插你媽	1	1
1447		插你爷爷	1	1
1448		插你爺爺	1	1
1449		插妳	1	1
1450		插深些	1	1
1451		蕆	1	1
1452		囅	1	1
1453		閶	1	1
1454		常勁	1	1
1455		朝鲜	1	1
1456		朝鮮	1	1
1457		车臣	1	1
1458		车仑	1	1
1459		車侖女幹	1	1
1460		陈水扁	1	1
1461		陳炳基	1	1
1462		陳博志	1	1
1463		陳定南	1	1
1464		陳建銘	1	1
1465		陳景俊	1	1
1466		陳菊	1	1
1467		陳軍	1	1
1468		陳良宇	1	1
1469		陳蒙	1	1
1470		陳破空	1	1
1471		陳水扁	1	1
1472		陳唐山	1	1
1473		陳希同	1	1
1474		陳小同	1	1
1475		陳宣良	1	1
1476		陳學聖	1	1
1477		陳一諮	1	1
1478		陳總統	1	1
1479		諶	1	1
1480		齔	1	1
1481		櫬	1	1
1482		讖	1	1
1483		成人电影	1	1
1484		成人片	1	1
1485		程鐵軍	1	1
1486		吃大便	1	1
1487		吃屎	1	1
1488		痴鳩	1	1
1489		痴拈	1	1
1490		鴟	1	1
1491		持不同政见	1	1
1492		持不同政見	1	1
1493		赤匪	1	1
1494		赤色的护身符	1	1
1495		赤色騎士	1	1
1496		赤色戰士	1	1
1497		抽插	1	1
1498		抽獎	1	1
1499		抽你丫的	1	1
1500		抽头	1	1
1501		臭化西	1	1
1502		臭机	1	1
1503		臭机八	1	1
1504		臭鸡	1	1
1505		臭鸡巴	1	1
1506		臭西	1	1
1507		出售此号	1	1
1508		出售此号靠	1	1
1509		出售假币	1	1
1510		出售枪支	1	1
1511		出售神符	1	1
1512		出售神符靠	1	1
1513		出售手枪	1	1
1514		出售账号	1	1
1515		出售账号靠	1	1
1516		楚雄市	1	1
1517		处女膜	1	1
1518		處女膜	1	1
1519		穿藏装	1	1
1520		吹喇叭	1	1
1521		吹簫	1	1
1522		春夏自由論壇	1	1
1523		春药	1	1
1524		蠢猪	1	1
1525		戳那嗎B	1	1
1526		戳那嗎逼	1	1
1527		戳那嗎比	1	1
1528		戳那吗B	1	1
1529		戳那吗逼	1	1
1530		戳那吗比	1	1
1531		戳你	1	1
1532		粗制吗啡	1	1
1533		催情药	1	1
1534		鹾	1	1
1535		鹺	1	1
1536		错B	1	1
1537		错逼	1	1
1538		错比	1	1
1539		错那吗B	1	1
1540		错那吗逼	1	1
1541		错那吗比	1	1
1542		錯B	1	1
1543		錯逼	1	1
1544		錯比	1	1
1545		錯那嗎B	1	1
1546		錯那嗎逼	1	1
1547		錯那嗎比	1	1
1548		达赖	1	1
1549		达赖代表	1	1
1550		达赖喇嘛	1	1
1551		达赖喇嘛返藏	1	1
1552		达赖喇嘛和平慈悲日	1	1
1553		达赖喇嘛宗教基金会	1	1
1554		达癞	1	1
1555		达兰萨拉日与夜	1	1
1556		達癩	1	1
1557		打倒共产党	1	1
1558		打飞机	1	1
1559		打飛機	1	1
1560		打虎	1	1
1561		打炮	1	1
1562		打砸抢烧	1	1
1563		打砸搶燒	1	1
1564		大*FA弟*子	1	1
1565		大B	1	1
1566		大逼	1	1
1567		大便	1	1
1568		大波波	1	1
1569		大参考	1	1
1570		大參考	1	1
1571		大东亚	1	1
1572		大东亚共荣	1	1
1573		大東亞	1	1
1574		大東亞共榮	1	1
1575		大法	1	1
1576		大法弟子	1	1
1577		大花B	1	1
1578		大会堂	1	1
1579		大鶏巴	1	1
1580		大纪元	1	1
1581		大纪元新闻网	1	1
1582		大纪园	1	1
1583		大紀元	1	1
1584		大紀元新聞網	1	1
1585		大紀園	1	1
1586		大家论坛	1	1
1587		大家論壇	1	1
1588		大理	0	1
1589		大麻	1	1
1590		大麻树脂	1	1
1591		大麻油	1	1
1592		大奶媽	1	1
1593		大师	1	1
1594		大史紀	1	1
1595		大史記	1	1
1596		大树营	1	1
1597		大卫教	1	1
1598		大衛教	1	1
1599		大学骚乱	1	1
1600		大血B	1	1
1601		大血比	1	1
1602		大中国论坛	1	1
1603		大中國論壇	1	1
1604		大中华论坛	1	1
1605		大中華論壇	1	1
1606		大众真人真事	1	1
1607		大衆真人真事	1	1
1608		呆卵	1	1
1609		歹徒口供	1	1
1610		代表大会	1	1
1611		盗窃	1	1
1612		盗窃犯	1	1
1613		道教	1	1
1614		盜竊犯	1	1
1615		得寸进尺	1	1
1616		德維爾	1	1
1617		登輝	1	1
1618		邓小平	1	1
1619		鄧笑貧	1	1
1620		迪里夏提	1	1
1621		迪裏夏提	1	1
1622		敌意	1	1
1623		糴	1	1
1624		地铁	1	1
1625		地下教會	1	1
1626		地震局	1	1
1627		弟大物勃	1	1
1628		帝国主义	1	1
1629		帝國主義	1	1
1630		帝顺	1	1
1631		蒂顺	1	1
1632		缔顺	1	1
1633		电监会	1	1
1634		電視流氓	1	1
1635		叼你	1	1
1636		叼你妈	1	1
1637		叼你媽	1	1
1638		屌	1	1
1639		屌7	1	1
1640		屌鸠	1	1
1641		屌毛	1	1
1642		屌妳	1	1
1643		屌七	1	1
1644		屌西	1	1
1645		钓鱼岛	1	1
1646		钓鱼台	1	1
1647		釣魚島	1	1
1648		丁關根	1	1
1649		东北独立	1	1
1650		东北各地	1	1
1651		东方红时空	1	1
1652		东方时空	1	1
1653		东南西北论谈	1	1
1654		东条	1	1
1655		东条英机	1	1
1656		东突	1	1
1657		东突暴动	1	1
1658		东突暴动和独立	1	1
1659		东突独立	1	1
1660		东突厥	1	1
1661		东突厥斯坦伊斯兰运动	1	1
1662		东突组织	1	1
1663		东土耳其斯坦	1	1
1664		东西南北论坛	1	1
1665		东亚病夫	1	1
1666		东正教	1	1
1667		東北獨立	1	1
1668		東方紅時空	1	1
1669		東方時空	1	1
1670		東南西北論談	1	1
1671		東社	1	1
1672		東升	1	1
1673		東條	1	1
1674		東條英機	1	1
1675		東突暴動	1	1
1676		東突獨立	1	1
1677		東土耳其斯坦	1	1
1678		東土耳其斯坦）	1	1
1679		東西南北論壇	1	1
1680		東亞	1	1
1681		动乱	1	1
1682		動亂	1	1
1683		独裁	1	1
1684		独裁政治	1	1
1685		独夫	1	1
1686		独立	1	1
1687		独立台湾会	1	1
1688		渎职罪	1	1
1689		獨裁	1	1
1690		獨裁政治	1	1
1691		獨夫	1	1
1692		獨立臺灣會	1	1
1693		赌博	1	1
1694		赌马	1	1
1695		赌球	1	1
1696		杜冷丁	1	1
1697		短信群发器	1	1
1698		对日强硬	1	1
1699		多麦协会	1	1
1700		多维社	1	1
1701		多维网	1	1
1702		多维新闻	1	1
1703		多维周刊	1	1
1704		屙	1	1
1705		额尔德尼	1	1
1706		恶搞晚会	1	1
1707		恩格斯	1	1
1708		鮞	1	1
1709		二B	1	1
1710		二屄	1	1
1711		二逼	1	1
1712		二乙基酰胺	1	1
1713		发改委	1	1
1714		发奖使者	1	1
1715		发抡	1	1
1716		发抡功	1	1
1717		发仑	1	1
1718		发伦	1	1
1719		发伦功	1	1
1720		发囵	1	1
1721		发沦	1	1
1722		发轮	1	1
1723		发轮功	1	1
1724		发论	1	1
1725		发论公	1	1
1726		发论功	1	1
1727		发骚	1	1
1728		发展研究中心	1	1
1729		发正念	1	1
1730		發楞	1	1
1731		發掄	1	1
1732		發掄功	1	1
1733		發倫	1	1
1734		發倫功	1	1
1735		發輪	1	1
1736		發論	1	1
1737		發論公	1	1
1738		發論功	1	1
1739		發騷	1	1
1740		發正念	1	1
1741		法(轮)功	1	1
1742		法*轮*功	1	1
1743		法~倫	1	1
1744		法~淪	1	1
1745		法~綸	1	1
1746		法~輪	1	1
1747		法~論	1	1
1748		法爾卡	1	1
1749		法功	1	1
1750		法愣	1	1
1751		法抡	1	1
1752		法掄	1	1
1753		法掄功	1	1
1754		法仑	1	1
1755		法伦	1	1
1756		法囵	1	1
1757		法纶	1	1
1758		法轮	1	1
1759		法轮大法	1	1
1760		法轮大法靠	1	1
1761		法轮功	1	1
1762		法轮功靠	1	1
1763		法侖	1	1
1764		法淪	1	1
1765		法綸	1	1
1766		法輪大法	1	1
1767		法輪功	1	1
1768		法十輪十功	1	1
1769		法西斯	1	1
1770		法謫	1	1
1771		法謫功	1	1
1772		法制办	1	1
1773		反党	1	1
1774		反动	1	1
1775		反封锁技术	1	1
1776		反封鎖技術	1	1
1777		反腐败论坛	1	1
1778		反腐敗論壇	1	1
1779		反革命	1	1
1780		反共	1	1
1781		反华	1	1
1782		反恐委员会	1	1
1783		反人类	1	1
1784		反人類	1	1
1785		反日	1	1
1786		反社会	1	1
1787		反社會	1	1
1788		反政府	1	1
1789		贩毒	1	1
1790		方勵之	1	1
1791		放荡	1	1
1792		放蕩	1	1
1793		飛揚論壇	1	1
1794		废物	1	1
1795		費鴻泰	1	1
1796		費良勇	1	1
1797		分裂分子	1	1
1798		分裂祖国	1	1
1799		分批行动	1	1
1800		粉飾太平	1	1
1801		粪	1	1
1802		粪便	1	1
1803		糞便	1	1
1804		鱝	1	1
1805		风雨神州	1	1
1806		风雨神州论坛	1	1
1807		封從德	1	1
1808		風雨神州	1	1
1809		風雨神州論壇	1	1
1810		馮東海	1	1
1811		馮素英	1	1
1812		佛教	1	1
1813		佛展千手法	1	1
1814		佛祖	1	1
1815		紱	1	1
1816		福州机场	1	1
1817		襆	1	1
1818		斧头镰刀	1	1
1819		傅作義	1	1
1820		尕玛才旺	1	1
1821		改变西藏政策	1	1
1822		赶你娘	1	1
1823		趕你娘	1	1
1824		干bi	1	1
1825		干GM	1	1
1826		干X	1	1
1827		干爆	1	1
1828		干逼	1	1
1829		干比	1	1
1830		干到	1	1
1831		干的你	1	1
1832		干干干	1	1
1833		干机	1	1
1834		干鸡	1	1
1835		干啦	1	1
1836		干勒	1	1
1837		干拎娘	1	1
1838		干林	1	1
1839		干尼	1	1
1840		干你	1	1
1841		干你老比	1	1
1842		干你老母	1	1
1843		干你妈	1	1
1844		干你妈B	1	1
1845		干你妈逼	1	1
1846		干你娘	1	1
1847		干妳	1	1
1848		干妳老母	1	1
1849		干妳妈	1	1
1850		干妳娘	1	1
1851		干您	1	1
1852		干七八	1	1
1853		干全家	1	1
1854		干汝	1	1
1855		干入	1	1
1856		干爽	1	1
1857		干死	1	1
1858		干死你	1	1
1859		干他	1	1
1860		干他妈	1	1
1861		干它	1	1
1862		干她	1	1
1863		干她妈	1	1
1864		干牠	1	1
1865		干我	1	1
1866		干新疆人	1	1
1867		干一干	1	1
1868		干一家	1	1
1869		幹bi	1	1
1870		幹逼	1	1
1871		幹比	1	1
1872		幹的你	1	1
1873		幹幹幹	1	1
1874		幹你	1	1
1875		幹你老比	1	1
1876		幹你老母	1	1
1877		幹你娘	1	1
1878		幹全家	1	1
1879		幹死	1	1
1880		幹死你	1	1
1881		幹他	1	1
1882		幹她	1	1
1883		幹一家	1	1
1884		冈峦	1	1
1885		刚比	1	1
1886		刚比样子	1	1
1887		肛	1	1
1888		肛交	1	1
1889		肛门	1	1
1890		肛門	1	1
1891		岡巒	1	1
1892		剛比	1	1
1893		剛比樣子	1	1
1894		港澳办	1	1
1895		高丽棒子	1	1
1896		高丽朴	1	1
1897		高麗棒子	1	1
1898		高校暴乱	1	1
1899		高校群体事件	1	1
1900		高校骚乱	1	1
1901		高薪養廉	1	1
1902		高治联	1	1
1903		高自联	1	1
1904		高自聯	1	1
1905		睾	1	1
1906		睾丸	1	1
1907		膏药旗	1	1
1908		膏藥旗	1	1
1909		告西藏同胞书	1	1
1910		歌功頌德	1	1
1911		鴿派	1	1
1912		格杀	1	1
1913		个旧	1	1
1914		鯁	1	1
1915		工力	1	1
1916		工商局	1	1
1917		工自联	1	1
1918		工自聯	1	1
1919		工作人员	1	1
1920		弓虽女干	1	1
1921		弓雖	1	1
1922		公安	1	1
1923		公安部	1	1
1924		公安局	1	1
1925		公共场所	1	1
1926		公雅寺高僧	1	1
1927		功友	1	1
1928		共 产党	1	1
1929		共产 党	1	1
1930		共产党	1	1
1931		共产党靠	1	1
1932		共产主义	1	1
1933		共産	1	1
1934		共産黨	1	1
1935		共産主義	1	1
1936		共党	1	1
1937		共黨	1	1
1938		共匪	1	1
1939		共狗	1	1
1940		共军	1	1
1941		共軍	1	1
1942		共青团员	1	1
1943		共荣圈	1	1
1944		共榮圈	1	1
1945		緱	1	1
1946		韝	1	1
1947		狗0日	1	1
1948		狗b	1	1
1949		狗操	1	1
1950		狗操卖逼	1	1
1951		狗誠	1	1
1952		狗干	1	1
1953		狗狼养的	1	1
1954		狗狼養的	1	1
1955		狗卵	1	1
1956		狗娘	1	1
1957		狗娘养的	1	1
1958		狗娘養的	1	1
1959		狗屁	1	1
1960		狗日	1	1
1961		狗日的	1	1
1962		狗日靠	1	1
1963		狗屎	1	1
1964		狗养	1	1
1965		狗養	1	1
1966		狗杂种	1	1
1967		狗雜種	1	1
1968		覯	1	1
1969		轂	1	1
1970		古方迷香	1	1
1971		鯝	1	1
1972		鴰	1	1
1973		詿	1	1
1974		拐卖	1	1
1975		观世音	1	1
1976		观音桥	1	1
1977		官逼民反	1	1
1978		官渡区	1	1
1979		官商勾结	1	1
1980		關卓中	1	1
1981		管理	1	1
1982		管理0员	1	1
1983		管理人员	1	1
1984		管理员	1	1
1985		管理員	1	1
1986		管制刀具	1	1
1987		貫通兩極法	1	1
1988		灌云	1	1
1989		光明日报	1	1
1990		广电局	1	1
1991		广闻	1	1
1992		廣聞	1	1
1993		龟儿子	1	1
1994		龟公	1	1
1995		龟孙子	1	1
1996		龟头	1	1
1997		龟投	1	1
1998		嬀	1	1
1999		龜兒子	1	1
2000		龜公	1	1
2001		龜孫子	1	1
2002		龜投	1	1
2003		龜頭	1	1
2004		鬼村	1	1
2005		刿	1	1
2006		劌	1	1
2007		绲	1	1
2008		滚那吗	1	1
2009		滚那吗B	1	1
2010		滚那吗错比	1	1
2011		滚那吗老比	1	1
2012		滚那吗瘟比	1	1
2013		滾那嗎	1	1
2014		滾那嗎B	1	1
2015		滾那嗎錯比	1	1
2016		滾那嗎老比	1	1
2017		滾那嗎瘟比	1	1
2018		国安局	1	1
2019		国防部	1	1
2020		国防科工委	1	1
2021		国管局	1	1
2022		国际法院	1	1
2023		国际声援西藏	1	1
2024		国际声援西藏运动	1	1
2025		国家安全	1	1
2026		国家机密	1	1
2027		国家民委	1	1
2028		国家主席	1	1
2029		国家主要部委	1	1
2030		国军	1	1
2031		国民党	1	1
2032		国民党万岁	1	1
2033		国土资源部	1	1
2034		国务院	1	1
2035		国研室	1	1
2036		国贼	1	1
2037		国资委	1	1
2038		國家安全	1	1
2039		國家機密	1	1
2040		國軍	1	1
2041		國賊	1	1
2042		哈批	1	1
2043		海关总署	1	1
2044		海洛因	1	1
2045		海洋局	1	1
2046		汉奸	1	1
2047		漢奸	1	1
2048		和锅枪	1	1
2049		河殤	1	1
2050		贺过墙	1	1
2051		賀國强	1	1
2052		賀龍	1	1
2053		赫鲁晓夫	1	1
2054		黑 手党	1	1
2055		黑帮	1	1
2056		黑社会	1	1
2057		黑社會	1	1
2058		黑手，党	1	1
2059		黑手p党	1	1
2060		黑手党	1	1
2061		黑手黨	1	1
2062		红灯区	1	1
2063		红河步行街	1	1
2064		红河州	1	1
2065		红色恐怖	1	1
2066		红卫兵	1	1
2067		紅燈區	1	1
2068		紅色恐怖	1	1
2069		紅炎猛獸	1	1
2070		黌	1	1
2071		鱟	1	1
2072		呼市	1	1
2073		胡XX	1	1
2074		胡紧涛	1	1
2075		胡紧掏	1	1
2076		胡紧套	1	1
2077		胡锦涛	1	1
2078		胡锦涛靠	1	1
2079		胡锦滔	1	1
2080		胡锦淘	1	1
2081		胡緊掏	1	1
2082		胡錦滔	1	1
2083		胡錦淘	1	1
2084		許家屯	1	1
2085		許信良	1	1
2086		鸌	1	1
2087		花柳	1	1
2088		华通时事论坛	1	1
2089		华夏文摘	1	1
2090		华语世界论坛	1	1
2091		华岳时事论坛	1	1
2092		華建敏	1	1
2093		華通時事論壇	1	1
2094		華夏文摘	1	1
2095		華語世界論壇	1	1
2096		華岳時事論壇	1	1
2097		欢城互动	1	1
2098		环保总局	1	1
2099		鍰	1	1
2100		换妻	1	1
2101		皇军	1	1
2102		皇軍	1	1
2103		黄　菊	1	1
2104		黄祸	1	1
2105		黄菊	1	1
2106		黄片	1	1
2107		黄色	1	1
2108		黄色电影	1	1
2109		黄色夹克	1	1
2110		黄色靠	1	1
2111		黄色小电影	1	1
2112		黃伯源	1	1
2113		黃慈萍	1	1
2114		黃禍	1	1
2115		黃劍輝	1	1
2116		黃菊	1	1
2117		黃片	1	1
2118		恢复中藏接谈	1	1
2119		回回	1	1
2120		回教	1	1
2121		回民暴动	1	1
2122		回民暴動	1	1
2123		回民吃猪肉	1	1
2124		回族人吃猪肉	1	1
2125		会泽	1	1
2126		噦	1	1
2127		繢	1	1
2128		昏药	1	1
2129		混 沌决	1	1
2130		混 沌决靠	1	1
2131		混沌诀	1	1
2132		混沌诀靠	1	1
2133		混沌靠	1	1
2134		鍃	1	1
2135		活动大使	1	1
2136		活捉	1	1
2137		火棒	1	1
2138		击毙	1	1
2139		机八	1	1
2140		机巴	1	1
2141		机叭	1	1
2142		机掰	1	1
2143		【鸡】	1	1
2144		鸡 巴	1	1
2145		鸡，巴	1	1
2146		鸡八	1	1
2147		鸡巴	1	1
2148		鸡巴o	1	1
2149		鸡巴靠	1	1
2150		鸡叭	1	1
2151		鸡芭	1	1
2152		鸡掰	1	1
2153		鸡鸡	1	1
2154		鸡奸	1	1
2155		鸡毛信文汇	1	1
2156		鸡歪	1	1
2157		姬勝德	1	1
2158		基地组织	1	1
2159		基督	1	1
2160		基督教	1	1
2161		賫	1	1
2162		激情电影	1	1
2163		激情小电影	1	1
2164		鶏8	1	1
2165		鶏八	1	1
2166		鶏巴	1	1
2167		鶏吧	1	1
2168		鶏鶏	1	1
2169		鶏奸	1	1
2170		鶏毛信文匯	1	1
2171		鶏女	1	1
2172		鶏院	1	1
2173		吉比特	1	1
2174		集中营	1	1
2175		覿	1	1
2176		几届中央政治局委员	1	1
2177		计牌软件	1	1
2178		计生委	1	1
2179		纪念西藏爱国英雄纪念碑	1	1
2180		妓	1	1
2181		妓女	1	1
2182		妓女靠	1	1
2183		妓院	1	1
2184		继续杀人	1	1
2185		鱭	1	1
2186		佳静安定片	1	1
2187		嘉瓦仁波切	1	1
2188		假青林	1	1
2189		假庆林	1	1
2190		賈廷安	1	1
2191		賈育台	1	1
2192		尖阁列岛	1	1
2193		奸	1	1
2194		奸暴	1	1
2195		奸夫淫妇	1	1
2196		奸你	1	1
2197		奸他	1	1
2198		奸她	1	1
2199		奸一奸	1	1
2200		奸淫	1	1
2201		戔	1	1
2202		监察部	1	1
2203		监管局	1	1
2204		监听王	1	1
2205		监狱式管理	1	1
2206		检察院	1	1
2207		简鸿章	1	1
2208		簡肇棟	1	1
2209		建國黨	1	1
2210		建设部	1	1
2211		建水大道	1	1
2212		贱	1	1
2213		贱B	1	1
2214		贱bi	1	1
2215		贱逼	1	1
2216		贱比	1	1
2217		贱货	1	1
2218		贱人	1	1
2219		贱种	1	1
2220		賤B	1	1
2221		賤bi	1	1
2222		賤逼	1	1
2223		賤比	1	1
2224		賤貨	1	1
2225		賤人	1	1
2226		賤種	1	1
2227		江Core	1	1
2228		江八	1	1
2229		江八点	1	1
2230		江八點	1	1
2231		江北中医院	1	1
2232		江独裁	1	1
2233		江汉路	1	1
2234		江核心	1	1
2235		江羅	1	1
2236		江綿恒	1	1
2237		江派犯罪集团	1	1
2238		江青	1	1
2239		江戏子	1	1
2240		江戲子	1	1
2241		江油	1	1
2242		江则民	1	1
2243		江择民	1	1
2244		江泽慧	1	1
2245		江泽民	1	1
2246		江泽民靠	1	1
2247		江則民	1	1
2248		江澤慧	1	1
2249		江贼	1	1
2250		江贼民	1	1
2251		江賊	1	1
2252		江賊民	1	1
2253		江折民	1	1
2254		江猪	1	1
2255		江猪媳	1	1
2256		江主席	1	1
2257		将则民	1	1
2258		將則民	1	1
2259		僵贼	1	1
2260		僵贼民	1	1
2261		僵賊	1	1
2262		僵賊民	1	1
2263		薑春雲	1	1
2264		疆独	1	1
2265		疆独立	1	1
2266		蒋介石	1	1
2267		蒋经国	1	1
2268		蒋中正	1	1
2269		蔣介石	1	1
2270		蔣中正	1	1
2271		講法	1	1
2272		酱猪媳	1	1
2273		醬猪媳	1	1
2274		交通部	1	1
2275		姣西	1	1
2276		叫床	1	1
2277		叫鸡	1	1
2278		叫小姐	1	1
2279		教徒	1	1
2280		教学改变决定	1	1
2281		教養院	1	1
2282		教育部	1	1
2283		揭批書	1	1
2284		街头对抗	1	1
2285		街头对抗靠	1	1
2286		戒备森严	1	1
2287		届中央政治局委员	1	1
2288		届中央政治局委員	1	1
2289		金枪不倒	1	1
2290		金槍不倒	1	1
2291		金日成	1	1
2292		金堯如	1	1
2293		金澤辰	1	1
2294		金正日	1	1
2295		巹	1	1
2296		紧急通知	1	1
2297		錦濤	1	1
2298		禁书	1	1
2299		茎	1	1
2300		茎候佳阴	1	1
2301		经济社会理事会	1	1
2302		经社理事会	1	1
2303		经血	1	1
2304		莖候佳陰	1	1
2305		經文	1	1
2306		經血	1	1
2307		精液	1	1
2308		精子	1	1
2309		警匪一家	1	1
2310		敬国神社	1	1
2311		靖国神社	1	1
2312		靖國神社	1	1
2313		静坐	1	1
2314		纠察员	1	1
2315		鸠	1	1
2316		鸠屎	1	1
2317		九?十?三西藏政治犯运动	1	1
2318		齟	1	1
2319		屨	1	1
2320		絕望之地	1	1
2321		譎	1	1
2322		军国主义	1	1
2323		军妓	1	1
2324		军事委员会	1	1
2325		军委	1	1
2326		军长发威	1	1
2327		軍妓	1	1
2328		开苞	1	1
2329		开放杂志	1	1
2330		開苞	1	1
2331		開放雜志	1	1
2332		砍	1	1
2333		砍翻一條街	1	1
2334		砍人	1	1
2335		砍杀	1	1
2336		砍杀事件	1	1
2337		砍死	1	1
2338		看牌器	1	1
2339		看牌软件	1	1
2340		看棋器	1	1
2341		看棋软件	1	1
2342		看中國	1	1
2343		尻	1	1
2344		靠	1	1
2345		靠你妈	1	1
2346		靠你媽	1	1
2347		靠腰	1	1
2348		柯賜海	1	1
2349		嗑药	1	1
2350		可待因	1	1
2351		可卡叶	1	1
2352		可卡因	1	1
2353		克林顿	1	1
2354		客戶服務	1	1
2355		客户服务	1	1
2356		客户服务人员	1	1
2357		客运站	1	1
2358		緙	1	1
2359		掯	1	1
2360		恐怖	1	1
2361		恐怖暴力	1	1
2362		恐怖暴力事件	1	1
2363		恐怖分子	1	1
2364		恐怖分子 	1	1
2365		恐怖分子杀到内地了	1	1
2366		恐怖份子	1	1
2367		恐怖事件	1	1
2368		恐怖袭击	1	1
2369		恐怖主义	1	1
2370		恐怖主義	1	1
2371		恐怖组织	1	1
2372		瞘	1	1
2373		口供	1	1
2374		口交	1	1
2375		口交靠	1	1
2376		嚳	1	1
2377		狂操	1	1
2378		狂操你全家	1	1
2379		貺	1	1
2380		鄺錦文	1	1
2381		昆华医院	1	1
2382		昆明301事件	1	1
2383		昆明火车站	1	1
2384		昆圖	1	1
2385		垃圾游戏	1	1
2386		垃圾游戏靠	1	1
2387		拉登	1	1
2388		拉嘎	1	1
2389		拉姆斯菲尔德	1	1
2390		拉姆斯菲爾德	1	1
2391		拉皮条	1	1
2392		拉皮條	1	1
2393		拉萨	1	1
2394		来插我	1	1
2395		来干	1	1
2396		来爽我	1	1
2397		賴士葆	1	1
2398		览叫	1	1
2399		懒教	1	1
2400		烂B	1	1
2401		烂屄	1	1
2402		烂逼	1	1
2403		烂比	1	1
2404		烂袋	1	1
2405		烂屌	1	1
2406		烂货	1	1
2407		烂鸟	1	1
2408		烂人	1	1
2409		烂游戏	1	1
2410		烂游戏靠	1	1
2411		滥B	1	1
2412		滥逼	1	1
2413		滥比	1	1
2414		滥货	1	1
2415		滥交	1	1
2416		濫B	1	1
2417		濫逼	1	1
2418		濫比	1	1
2419		濫貨	1	1
2420		濫交	1	1
2421		爛B	1	1
2422		爛逼	1	1
2423		爛比	1	1
2424		爛袋	1	1
2425		爛貨	1	1
2426		狼狈为奸	1	1
2427		劳+教+所	1	1
2428		劳动保障部	1	1
2429		劳动教养所	1	1
2430		劳改	1	1
2431		劳教	1	1
2432		勞動教養所	1	1
2433		勞改	1	1
2434		勞教	1	1
2435		老逼	1	1
2436		老虎机	1	1
2437		老毛子	1	1
2438		老母	1	1
2439		鰳	1	1
2440		誄	1	1
2441		离长春	1	1
2442		黎阳评	1	1
2443		李大师	1	1
2444		李大钊	1	1
2445		李登辉	1	1
2446		李弘旨	1	1
2447		李红志	1	1
2448		李宏旨	1	1
2449		李宏志	1	1
2450		李洪寬	1	1
2451		李洪志	1	1
2452		李紅痔	1	1
2453		李繼耐	1	1
2454		李磕墙	1	1
2455		李克强	1	1
2456		李岚清	1	1
2457		李蘭菊	1	1
2458		李老師	1	1
2459		李祿	1	1
2460		李錄	1	1
2461		李鹏	1	1
2462		李鹏*	1	1
2463		李慶安	1	1
2464		李慶華	1	1
2465		李瑞环	1	1
2466		李山	1	1
2467		李淑嫻	1	1
2468		李铁映	1	1
2469		李鐵映	1	1
2470		李旺陽	1	1
2471		李先念	1	1
2472		李小鵬	1	1
2473		李月月鳥	1	1
2474		李长春	1	1
2475		李志綏	1	1
2476		李總理	1	1
2477		李總統	1	1
2478		裏菲斯	1	1
2479		鱧	1	1
2480		轢	1	1
2481		连战	1	1
2482		連方瑀	1	1
2483		連惠心	1	1
2484		連勝德	1	1
2485		連勝文	1	1
2486		連戰	1	1
2487		联大	1	1
2488		联合国	1	1
2489		联合国大会	1	1
2490		联合国人权专员	1	1
2491		联易	1	1
2492		联易互动	1	1
2493		联总	1	1
2494		联总之声传单	1	1
2495		廉政大论坛	1	1
2496		廉政大論壇	1	1
2497		奩	1	1
2498		聯總	1	1
2499		煉功	1	1
2500		粮食局	1	1
2501		两岸关系	1	1
2502		两岸三地论坛	1	1
2503		两个中国	1	1
2504		两会	1	1
2505		两会报道	1	1
2506		两会代表	1	1
2507		两会期间	1	1
2508		两会新闻	1	1
2509		两腿之间	1	1
2510		兩岸關係	1	1
2511		兩岸三地論壇	1	1
2512		兩個中國	1	1
2513		兩會報道	1	1
2514		兩會新聞	1	1
2515		廖錫龍	1	1
2516		列宁	1	1
2517		林保華	1	1
2518		林彪	1	1
2519		林長盛	1	1
2520		林佳龍	1	1
2521		林泉幼儿园	1	1
2522		林信義	1	1
2523		林业局	1	1
2524		林正勝	1	1
2525		林重謨	1	1
2526		淋病	1	1
2527		躪	1	1
2528		凌晨两点	1	1
2529		淩鋒	1	1
2530		另一个地方	1	1
2531		流氓	1	1
2532		劉賓深	1	1
2533		劉賓雁	1	1
2534		劉剛	1	1
2535		劉國凱	1	1
2536		劉華清	1	1
2537		劉俊國	1	1
2538		劉凱中	1	1
2539		劉千石	1	1
2540		劉青	1	1
2541		劉山青	1	1
2542		劉士賢	1	1
2543		劉文勝	1	1
2544		劉文雄	1	1
2545		劉曉波	1	1
2546		劉曉竹	1	1
2547		劉永川	1	1
2548		六.四	1	1
2549		六。四	1	1
2550		六合彩	1	1
2551		六盘水	1	1
2552		六四	1	1
2553		六-四	1	1
2554		六四事件	1	1
2555		六四运动	1	1
2556		六四真相	1	1
2557		鷚	1	1
2558		龙虎靠	1	1
2559		龙首	1	1
2560		龙新民	1	1
2561		龍虎豹	1	1
2562		龍首	1	1
2563		娄底娄星广场	1	1
2564		陆委会	1	1
2565		陸委會	1	1
2566		輅	1	1
2567		卵	1	1
2568		卵巢	1	1
2569		乱交	1	1
2570		乱砍人	1	1
2571		乱伦	1	1
2572		乱轮	1	1
2573		亂交	1	1
2574		亂倫	1	1
2575		亂輪	1	1
2576		掄功	1	1
2577		轮干	1	1
2578		轮功	1	1
2579		轮奸	1	1
2580		轮流干	1	1
2581		轮盘赌	1	1
2582		倫功	1	1
2583		輪大	1	1
2584		輪功	1	1
2585		輪奸	1	1
2586		论坛管理员	1	1
2587		論壇管理員	1	1
2588		腡	1	1
2589		骡干	1	1
2590		羅福助	1	1
2591		羅幹	1	1
2592		羅禮詩	1	1
2593		羅文嘉	1	1
2594		羅志明	1	1
2595		濼	1	1
2596		吕秀莲	1	1
2597		呂京花	1	1
2598		呂秀蓮	1	1
2599		旅游局	1	1
2600		鋝	1	1
2601		妈B	1	1
2602		妈逼	1	1
2603		妈逼靠	1	1
2604		妈比	1	1
2605		妈的	1	1
2606		妈的靠	1	1
2607		妈卖妈屁	1	1
2608		妈批	1	1
2609		妈祖	1	1
2610		媽B	1	1
2611		媽比	1	1
2612		媽的	1	1
2613		媽批	1	1
2614		麻醉钢枪	1	1
2615		麻醉枪	1	1
2616		麻醉药	1	1
2617		麻醉乙醚	1	1
2618		嗎的	1	1
2619		嗎啡	1	1
2620		马克思	1	1
2621		马卖马屁	1	1
2622		马英九	1	1
2623		馬大維	1	1
2624		馬克思	1	1
2625		馬良駿	1	1
2626		馬三家	1	1
2627		馬時敏	1	1
2628		馬特斯	1	1
2629		馬英九	1	1
2630		馬永成	1	1
2631		瑪雅	1	1
2632		吗的	1	1
2633		吗的靠	1	1
2634		吗啡	1	1
2635		吗啡碱	1	1
2636		吗啡片	1	1
2637		买财富	1	1
2638		买卖枪支	1	1
2639		麦角酸	1	1
2640		卖.国	1	1
2641		卖B	1	1
2642		卖ID	1	1
2643		卖QQ	1	1
2644		卖逼	1	1
2645		卖比	1	1
2646		卖财富	1	1
2647		卖党求荣	1	1
2648		卖国	1	1
2649		卖国求荣	1	1
2650		卖号	1	1
2651		卖号靠	1	1
2652		卖卡	1	1
2653		卖软件	1	1
2654		卖骚	1	1
2655		卖药	1	1
2656		卖淫	1	1
2657		麥克斯	1	1
2658		勱	1	1
2659		賣逼	1	1
2660		賣比	1	1
2661		賣國	1	1
2662		賣騷	1	1
2663		賣淫	1	1
2664		瞞報	1	1
2665		慢性毒药	1	1
2666		毛XX	1	1
2667		毛厕洞	1	1
2668		毛厠洞	1	1
2669		毛东突暴动和独立	1	1
2670		毛东突组织	1	1
2671		毛东亚病夫	1	1
2672		毛董建华	1	1
2673		毛董贱华	1	1
2674		毛董文华	1	1
2675		毛懂文华	1	1
2676		毛独立	1	1
2677		毛独立台湾会	1	1
2678		毛短信群发器	1	1
2679		毛对日强硬	1	1
2680		毛多维社	1	1
2681		毛多维网	1	1
2682		毛多维新闻	1	1
2683		毛多维周刊	1	1
2684		毛恶搞晚会	1	1
2685		毛恩格斯	1	1
2686		毛二B	1	1
2687		毛二屄	1	1
2688		毛二逼	1	1
2689		毛二乙基酰胺	1	1
2690		毛发改委	1	1
2691		毛发奖使者	1	1
2692		毛发抡	1	1
2693		毛发抡功	1	1
2694		毛发伦	1	1
2695		毛发伦功	1	1
2696		毛发轮	1	1
2697		毛发论	1	1
2698		毛发论公	1	1
2699		毛发论功	1	1
2700		毛发骚	1	1
2701		毛发展研究中心	1	1
2702		毛发正念	1	1
2703		毛法(轮)功	1	1
2704		毛法*轮*功	1	1
2705		毛法功	1	1
2706		毛法愣	1	1
2707		毛法仑	1	1
2708		毛法轮	1	1
2709		毛法轮大法	1	1
2710		毛法轮功	1	1
2711		毛法西斯	1	1
2712		毛法制办	1	1
2713		毛反动	1	1
2714		毛反封锁技术	1	1
2715		毛反革命	1	1
2716		毛反共	1	1
2717		毛反华	1	1
2718		毛反恐委员会	1	1
2719		毛反日	1	1
2720		毛反政府	1	1
2721		毛分裂祖国	1	1
2722		毛佛教	1	1
2723		毛佛展千手法	1	1
2724		毛佛祖	1	1
2725		毛斧头镰刀	1	1
2726		毛傅鹏	1	1
2727		毛傅作义	1	1
2728		毛干GM	1	1
2729		毛干拎娘	1	1
2730		毛干你	1	1
2731		毛干你妈	1	1
2732		毛干你妈b	1	1
2733		毛干你妈逼	1	1
2734		毛干你娘	1	1
2735		毛干妳	1	1
2736		毛干妳老母	1	1
2737		毛干妳妈	1	1
2738		毛干妳娘	1	1
2739		毛干七八	1	1
2740		毛干死你	1	1
2741		毛肛	1	1
2742		毛肛交	1	1
2743		毛肛门	1	1
2744		毛港澳办	1	1
2745		毛高俊	1	1
2746		毛高丽棒子	1	1
2747		毛高校暴乱	1	1
2748		毛高校群体事件	1	1
2749		毛高校骚乱	1	1
2750		毛睾	1	1
2751		毛睾丸	1	1
2752		毛膏药旗	1	1
2753		毛工力	1	1
2754		毛工商局	1	1
2755		毛工作人员	1	1
2756		毛弓虽女干	1	1
2757		毛公安	1	1
2758		毛公安部	1	1
2759		毛公安局	1	1
2760		毛共产党	1	1
2761		毛共产主义	1	1
2762		毛共匪	1	1
2763		毛共狗	1	1
2764		毛共青团员	1	1
2765		毛狗b	1	1
2766		毛狗操	1	1
2767		毛狗卵	1	1
2768		毛狗娘	1	1
2769		毛狗屁	1	1
2770		毛狗日	1	1
2771		毛狗日的	1	1
2772		毛狗屎	1	1
2773		毛狗养	1	1
2774		毛古方迷香	1	1
2775		毛观世音	1	1
2776		毛官逼民反	1	1
2777		毛官商勾结	1	1
2778		毛管理人员	1	1
2779		毛管理员	1	1
2780		毛光明日报	1	1
2781		毛广电局	1	1
2782		毛龟儿子	1	1
2783		毛龟公	1	1
2784		毛龟孙子	1	1
2785		毛龟头	1	1
2786		毛鬼村	1	1
2787		毛滚	1	1
2788		毛郭伯雄	1	1
2789		毛国安局	1	1
2790		毛国防部	1	1
2791		毛国防科工委	1	1
2792		毛国管局	1	1
2793		毛国际法院	1	1
2794		毛国家民委	1	1
2795		毛国家主席	1	1
2796		毛国家主要部委	1	1
2797		毛国民党	1	1
2798		毛国民党万岁	1	1
2799		毛国土资源部	1	1
2800		毛国务院	1	1
2801		毛国研室	1	1
2802		毛国资委	1	1
2803		毛哈批	1	1
2804		毛海关总署	1	1
2805		毛海洛因	1	1
2806		毛海洋局	1	1
2807		毛何候华	1	1
2808		毛贺国强	1	1
2809		毛贺龙	1	1
2810		毛黑社会	1	1
2811		毛黑手党	1	1
2812		毛红卫兵	1	1
2813		毛洪兴	1	1
2814		毛洪志	1	1
2815		毛后庭	1	1
2816		毛胡XX	1	1
2817		毛胡紧涛	1	1
2818		毛胡紧掏	1	1
2819		毛胡紧套	1	1
2820		毛胡锦涛	1	1
2821		毛胡锦淘	1	1
2822		毛胡乔木	1	1
2823		毛胡耀邦	1	1
2824		毛胡主席	1	1
2825		毛花柳	1	1
2826		毛华国锋	1	1
2827		毛华建敏	1	1
2828		毛欢城	1	1
2829		毛欢城互动	1	1
2830		毛环保总局	1	1
2831		毛换妻	1	1
2832		毛黄　菊	1	1
2833		毛黄菊	1	1
2834		毛黄色电影	1	1
2835		毛黄色小电影	1	1
2836		毛回回	1	1
2837		毛回教	1	1
2838		毛回良玉	1	1
2839		毛回民暴动	1	1
2840		毛回族人吃猪肉	1	1
2841		毛昏药	1	1
2842		毛火棒	1	1
2843		毛机八	1	1
2844		毛机巴	1	1
2845		毛鸡	1	1
2846		毛鸡八	1	1
2847		毛鸡巴	1	1
2848		毛鸡叭	1	1
2849		毛鸡芭	1	1
2850		毛鸡掰	1	1
2851		毛鸡鸡	1	1
2852		毛鸡奸	1	1
2853		毛基地组织	1	1
2854		毛基督	1	1
2855		毛基督教	1	1
2856		毛激情电影	1	1
2857		毛激情小电影	1	1
2858		毛几届中央政治局委员	1	1
2859		毛计牌软件	1	1
2860		毛计生委	1	1
2861		毛妓	1	1
2862		毛妓女	1	1
2863		毛妓院	1	1
2864		毛佳静安定片	1	1
2865		毛贾庆林	1	1
2866		毛奸	1	1
2867		毛奸夫淫妇	1	1
2868		毛奸你	1	1
2869		毛奸淫	1	1
2870		毛监察部	1	1
2871		毛监管局	1	1
2872		毛监听王	1	1
2873		毛检察院	1	1
2874		毛建设部	1	1
2875		毛贱	1	1
2876		毛贱逼	1	1
2877		毛贱货	1	1
2878		毛贱人	1	1
2879		毛江Core	1	1
2880		毛江八	1	1
2881		毛江八点	1	1
2882		毛江独裁	1	1
2883		毛江核心	1	1
2884		毛江青	1	1
2885		毛江戏子	1	1
2886		毛江择民	1	1
2887		毛江泽民	1	1
2888		毛江贼民	1	1
2889		毛江折民	1	1
2890		毛江猪	1	1
2891		毛江猪媳	1	1
2892		毛江主席	1	1
2893		毛僵贼民	1	1
2894		毛疆独	1	1
2895		毛蒋介石	1	1
2896		毛蒋经国	1	1
2897		毛蒋中正	1	1
2898		毛酱猪媳	1	1
2899		毛交通部	1	1
2900		毛姣西	1	1
2901		毛叫床	1	1
2902		毛叫鸡	1	1
2903		毛叫小姐	1	1
2904		毛教育部	1	1
2905		毛届中央政治局委员	1	1
2906		毛金日成	1	1
2907		毛金正日	1	1
2908		毛禁书	1	1
2909		毛经济社会理事会	1	1
2910		毛经社理事会	1	1
2911		毛精液	1	1
2912		毛精子	1	1
2913		毛警匪一家	1	1
2914		毛敬国神社	1	1
2915		毛靖国神社	1	1
2916		毛静坐	1	1
2917		毛纠察员	1	1
2918		毛鸠	1	1
2919		毛鸠屎	1	1
2920		毛军国主义	1	1
2921		毛军妓	1	1
2922		毛军事委员会	1	1
2923		毛军委	1	1
2924		毛军长发威	1	1
2925		毛看牌器	1	1
2926		毛看牌软件	1	1
2927		毛看棋器	1	1
2928		毛看棋软件	1	1
2929		毛抗日	1	1
2930		毛尻	1	1
2931		毛靠	1	1
2932		毛靠你妈	1	1
2933		毛靠腰	1	1
2934		毛可待因	1	1
2935		毛可卡叶	1	1
2936		毛可卡因	1	1
2937		毛克林顿	1	1
2938		毛客服	1	1
2939		毛客户服务人员	1	1
2940		毛恐怖份子	1	1
2941		毛恐怖主义	1	1
2942		毛口交	1	1
2943		毛寇晓伟	1	1
2944		毛狂操	1	1
2945		毛狂操你全家	1	1
2946		毛拉登	1	1
2947		毛拉姆斯菲尔德	1	1
2948		毛懒教	1	1
2949		毛烂B	1	1
2950		毛烂屄	1	1
2951		毛烂逼	1	1
2952		毛烂比	1	1
2953		毛烂屌	1	1
2954		毛烂货	1	1
2955		毛劳+教+所	1	1
2956		毛劳动保障部	1	1
2957		毛老逼	1	1
2958		毛老毛子	1	1
2959		毛老母	1	1
2960		毛黎阳评	1	1
2961		毛李登辉	1	1
2962		毛李弘旨	1	1
2963		毛李红志	1	1
2964		毛李宏旨	1	1
2965		毛李宏志	1	1
2966		毛李洪志	1	1
2967		毛李岚清	1	1
2968		毛李鹏	1	1
2969		毛李鹏*	1	1
2970		毛李瑞环	1	1
2971		毛李山	1	1
2972		毛李铁映	1	1
2973		毛李先念	1	1
2974		毛李长春	1	1
2975		毛连战	1	1
2976		毛联大	1	1
2977		毛联合国	1	1
2978		毛联合国大会	1	1
2979		毛联易	1	1
2980		毛联易互动	1	1
2981		毛粮食局	1	1
2982		毛两腿之间	1	1
2983		毛列宁	1	1
2984		毛林彪	1	1
2985		毛林业局	1	1
2986		毛刘　淇	1	1
2987		毛刘军	1	1
2988		毛刘淇	1	1
2989		毛刘少奇	1	1
2990		毛刘云山	1	1
2991		毛流氓	1	1
2992		毛六.四	1	1
2993		毛六。四	1	1
2994		毛六合彩	1	1
2995		毛六四	1	1
2996		毛六-四	1	1
2997		毛六四事件	1	1
2998		毛六四真相	1	1
2999		毛龙新民	1	1
3000		毛卵	1	1
3001		毛轮功	1	1
3002		毛轮奸	1	1
3003		毛罗　干	1	1
3004		毛罗干	1	1
3005		毛骡干	1	1
3006		毛吕秀莲	1	1
3007		毛旅游局	1	1
3008		毛妈B	1	1
3009		毛妈逼	1	1
3010		毛妈比	1	1
3011		毛妈的	1	1
3012		毛妈卖妈屁	1	1
3013		毛妈批	1	1
3014		毛妈祖	1	1
3015		毛麻醉钢枪	1	1
3016		毛麻醉枪	1	1
3017		毛麻醉药	1	1
3018		毛麻醉乙醚	1	1
3019		毛马克思	1	1
3020		毛马卖马屁	1	1
3021		毛马英九	1	1
3022		毛吗啡	1	1
3023		毛吗啡碱	1	1
3024		毛吗啡片	1	1
3025		毛买财富	1	1
3026		毛买卖枪支	1	1
3027		毛麦角酸	1	1
3028		毛卖.国	1	1
3029		毛卖B	1	1
3030		毛卖ID	1	1
3031		毛卖QQ	1	1
3032		毛卖逼	1	1
3033		毛卖比	1	1
3034		毛卖财富	1	1
3035		毛卖党求荣	1	1
3036		毛卖国	1	1
3037		毛卖国求荣	1	1
3038		毛卖号	1	1
3039		毛卖卡	1	1
3040		毛卖软件	1	1
3041		毛卖淫	1	1
3042		毛毛XX	1	1
3043		毛毛厕洞	1	1
3044		毛毛一鲜	1	1
3045		毛毛泽东	1	1
3046		毛毛贼东	1	1
3047		毛毛主席	1	1
3048		毛梅花网	1	1
3049		毛美国	1	1
3050		毛美国佬	1	1
3051		毛美国之音	1	1
3052		毛美利坚	1	1
3053		毛蒙尘药	1	1
3054		毛蒙独	1	1
3055		毛蒙古达子	1	1
3056		毛蒙古独立	1	1
3057		毛迷魂药	1	1
3058		毛迷奸药	1	1
3059		毛迷歼药	1	1
3060		毛迷药	1	1
3061		毛密洞	1	1
3062		毛密宗	1	1
3063		毛民航局	1	1
3064		毛民进党	1	1
3065		毛民运	1	1
3066		毛民政部	1	1
3067		毛明慧网	1	1
3068		毛摩门教	1	1
3069		毛莫索里尼	1	1
3070		毛穆罕默德	1	1
3071		毛穆斯林	1	1
3072		毛奶子	1	1
3073		毛南联盟	1	1
3074		毛南蛮子	1	1
3075		毛嫩B	1	1
3076		毛伱妈	1	1
3077		毛你爸	1	1
3078		毛你大爷	1	1
3079		毛你二大爷	1	1
3080		毛你老母	1	1
3081		毛你老味	1	1
3082		毛你姥	1	1
3083		毛你姥姥的	1	1
3084		毛你妈	1	1
3085		毛你妈逼	1	1
3086		毛你妈的	1	1
3087		毛你娘	1	1
3088		毛你爷爷的	1	1
3089		毛妳老母的	1	1
3090		毛妳妈的	1	1
3091		毛妳马的	1	1
3092		毛妳娘的	1	1
3093		毛鸟GM	1	1
3094		毛鸟你	1	1
3095		毛牛逼	1	1
3096		毛牛比	1	1
3097		毛农业部	1	1
3098		毛虐待	1	1
3099		毛拍肩神药	1	1
3100		毛喷你	1	1
3101		毛彭真	1	1
3102		毛皮条	1	1
3103		毛屁眼	1	1
3104		毛嫖客	1	1
3105		毛苹果日报	1	1
3106		毛破坏	1	1
3107		毛破鞋	1	1
3108		毛仆街	1	1
3109		毛普京	1	1
3110		毛气象局	1	1
3111		毛钱其琛	1	1
3112		毛枪决女犯	1	1
3113		毛枪决现场	1	1
3114		毛枪支弹药	1	1
3115		毛强奸	1	1
3116		毛强奸犯	1	1
3117		毛强卫	1	1
3118		毛强效失意药	1	1
3119		毛强硬发言	1	1
3120		毛抢劫	1	1
3121		毛乔石	1	1
3122		毛侨办	1	1
3123		毛切七	1	1
3124		毛窃听器	1	1
3125		毛窃听器材	1	1
3126		毛亲民党	1	1
3127		毛青天白日	1	1
3128		毛情色	1	1
3129		毛去你妈的	1	1
3130		毛去死	1	1
3131		毛全国人大	1	1
3132		毛瘸腿帮	1	1
3133		毛人大	1	1
3134		毛人大代表	1	1
3135		毛人代会	1	1
3136		毛人弹	1	1
3137		毛人民	1	1
3138		毛人民大会堂	1	1
3139		毛人民广场	1	1
3140		毛人民日报	1	1
3141		毛人民银行	1	1
3142		毛人体炸弹	1	1
3143		毛日GM	1	1
3144		毛日X妈	1	1
3145		毛日本RING	1	1
3146		毛日本鬼子	1	1
3147		毛日你	1	1
3148		毛日你妈	1	1
3149		毛日你娘	1	1
3150		毛日他娘	1	1
3151		毛肉棒	1	1
3152		毛肉壁	1	1
3153		毛肉洞	1	1
3154		毛肉缝	1	1
3155		毛肉棍	1	1
3156		毛肉棍子	1	1
3157		毛肉穴	1	1
3158		毛乳	1	1
3159		毛乳波臀浪	1	1
3160		毛乳房	1	1
3161		毛乳交	1	1
3162		毛乳头	1	1
3163		毛撒尿	1	1
3164		毛萨达姆	1	1
3165		毛塞白	1	1
3166		毛塞你爸	1	1
3167		毛塞你公	1	1
3168		毛塞你老母	1	1
3169		毛塞你老师	1	1
3170		毛塞你母	1	1
3171		毛塞你娘	1	1
3172		毛三个呆婊	1	1
3173		毛三个代婊	1	1
3174		毛三级片	1	1
3175		毛三民主义	1	1
3176		毛三陪	1	1
3177		毛三陪女	1	1
3178		毛三去车仑	1	1
3179		毛三唑仑	1	1
3180		毛氵去	1	1
3181		毛骚	1	1
3182		毛骚B	1	1
3183		毛骚逼	1	1
3184		毛骚货	1	1
3185		毛色情	1	1
3186		毛色情电影	1	1
3187		毛色情服务	1	1
3188		毛色情小电影	1	1
3189		毛杀人犯	1	1
3190		毛傻B	1	1
3191		毛傻屄	1	1
3192		毛傻逼	1	1
3193		毛傻比	1	1
3194		毛傻吊	1	1
3195		毛傻卵	1	1
3196		毛傻子	1	1
3197		毛煞逼	1	1
3198		毛商务部	1	1
3199		毛上你	1	1
3200		毛上妳	1	1
3201		毛社.会.正.义.力.量	1	1
3202		毛社保基金会	1	1
3203		毛社会主义	1	1
3204		毛社科院	1	1
3205		毛射精	1	1
3206		毛身份生成器	1	1
3207		毛神经病	1	1
3208		毛神通加持法	1	1
3209		毛审计署	1	1
3210		毛升达毕业证	1	1
3211		毛生春袋	1	1
3212		毛生孩子没屁眼	1	1
3213		毛生鸦片	1	1
3214		毛圣女峰	1	1
3215		毛湿透的内裤	1	1
3216		毛十八摸	1	1
3217		毛十年动乱	1	1
3218		毛十五周年	1	1
3219		毛石进	1	1
3220		毛食捻屎	1	1
3221		毛食屎	1	1
3222		毛驶你爸	1	1
3223		毛驶你公	1	1
3224		毛驶你老母	1	1
3225		毛驶你老师	1	1
3226		毛驶你母	1	1
3227		毛驶你娘	1	1
3228		毛世界日报	1	1
3229		毛是鸡	1	1
3230		毛手机复制	1	1
3231		毛手淫	1	1
3232		毛受虐狂	1	1
3233		毛售ID	1	1
3234		毛售号	1	1
3235		毛售软件	1	1
3236		毛双峰微颤	1	1
3237		毛水利部	1	1
3238		毛水去车仑	1	1
3239		毛税务总局	1	1
3240		毛司法部	1	1
3241		毛私/服	1	1
3242		毛私\\服	1	1
3243		毛私服	1	1
3244		毛私-服	1	1
3245		毛私—服	1	1
3246		毛斯大林	1	1
3247		毛死gd	1	1
3248		毛死gm	1	1
3249		毛死全家	1	1
3250		毛四川独立	1	1
3251		毛四人帮	1	1
3252		毛宋楚瑜	1	1
3253		毛宋祖英	1	1
3254		毛孙文	1	1
3255		毛孙逸仙	1	1
3256		毛孙中山	1	1
3257		毛他爹	1	1
3258		毛他妈	1	1
3259		毛他妈的	1	1
3260		毛他马的	1	1
3261		毛他母亲	1	1
3262		毛他祖宗	1	1
3263		毛她妈的	1	1
3264		毛台办	1	1
3265		毛台独	1	1
3266		毛台联	1	1
3267		毛台湾党	1	1
3268		毛台湾帝国	1	1
3269		毛台湾独立	1	1
3270		毛台湾共产党	1	1
3271		毛台湾共和国	1	1
3272		毛台湾狗	1	1
3273		毛台湾国	1	1
3274		毛台湾民国	1	1
3275		毛太监	1	1
3276		毛太子党	1	1
3277		毛唐家璇	1	1
3278		毛特别公告	1	1
3279		毛特码	1	1
3280		毛体育总局	1	1
3281		毛天安门	1	1
3282		毛天安门档案	1	1
3283		毛天安门录像带	1	1
3284		毛天安门事件	1	1
3285		毛天安门屠杀	1	1
3286		毛天安门一代	1	1
3287		毛天鹅之旅	1	1
3288		毛天皇	1	1
3289		毛天皇陛下	1	1
3290		毛田纪云	1	1
3291		毛舔西	1	1
3292		毛铁道部	1	1
3293		毛统计局	1	1
3294		毛投毒杀人	1	1
3295		毛透视软件	1	1
3296		毛透视眼镜	1	1
3297		毛推油	1	1
3298		毛退党	1	1
3299		毛托管理事会	1	1
3300		毛外　挂	1	1
3301		毛外/挂	1	1
3302		毛外\\挂	1	1
3303		毛外_挂	1	1
3304		毛外挂	1	1
3305		毛外-挂	1	1
3306		毛外—挂	1	1
3307		毛外汇局	1	1
3308		毛外交部	1	1
3309		毛外专局	1	1
3310		毛晚年周恩来	1	1
3311		毛万税	1	1
3312		毛王八蛋	1	1
3313		毛王宝森	1	1
3314		毛王刚	1	1
3315		毛王昊	1	1
3316		毛王乐泉	1	1
3317		毛王岐山	1	1
3318		毛王太华	1	1
3319		毛王兆国	1	1
3320		毛王震	1	1
3321		毛网管	1	1
3322		毛威而钢	1	1
3323		毛威而柔	1	1
3324		毛卫生部	1	1
3325		毛尉健行	1	1
3326		毛温加宝	1	1
3327		毛温家宝	1	1
3328		毛温家保	1	1
3329		毛温馨	1	1
3330		毛温总理	1	1
3331		毛文化部	1	1
3332		毛文物局	1	1
3333		毛倭国	1	1
3334		毛倭寇	1	1
3335		毛我操	1	1
3336		毛我操你	1	1
3337		毛我干	1	1
3338		毛我妳老爸	1	1
3339		毛我日	1	1
3340		毛我日你	1	1
3341		毛无界浏览器	1	1
3342		毛吴　仪	1	1
3343		毛吴邦国	1	1
3344		毛吴官正	1	1
3345		毛吴仪	1	1
3346		毛五星红旗	1	1
3347		毛西藏独立	1	1
3348		毛西藏天葬	1	1
3349		毛希拉克	1	1
3350		毛希特勒	1	1
3351		毛希望之声	1	1
3352		毛洗脑班	1	1
3353		毛系统	1	1
3354		毛系统公告	1	1
3355		毛系统讯息	1	1
3356		毛鲜族	1	1
3357		毛乡巴佬	1	1
3358		毛想上你	1	1
3359		毛小鸡鸡	1	1
3360		毛小泉	1	1
3361		毛小泉纯一郎	1	1
3362		毛小日本	1	1
3363		毛小肉粒	1	1
3364		毛小乳头	1	1
3365		毛小穴	1	1
3366		毛邪教	1	1
3367		毛新党	1	1
3368		毛新光明	1	1
3369		毛新华内情	1	1
3370		毛新华社	1	1
3371		毛新疆独立	1	1
3372		毛新生网	1	1
3373		毛新手指导员	1	1
3374		毛新唐人	1	1
3375		毛新闻办	1	1
3376		毛新闻出版	1	1
3377		毛新闻出版署	1	1
3378		毛新闻出版总署	1	1
3379		毛新闻管制	1	1
3380		毛新义安	1	1
3381		毛信访局	1	1
3382		毛信息产业部	1	1
3383		毛兴奋剂	1	1
3384		毛性爱	1	1
3385		毛性交	1	1
3386		毛性虐待	1	1
3387		毛性无能	1	1
3388		毛性欲	1	1
3389		毛徐光春	1	1
3390		毛学潮	1	1
3391		毛血逼	1	1
3392		毛血腥图片	1	1
3393		毛巡查员	1	1
3394		毛丫的	1	1
3395		毛丫头养的	1	1
3396		毛鸦片	1	1
3397		毛鸦片液	1	1
3398		毛鸦片渣	1	1
3399		毛烟草局	1	1
3400		毛严方军	1	1
3401		毛燕玲论坛	1	1
3402		毛阳精	1	1
3403		毛阳具	1	1
3404		毛摇头丸	1	1
3405		毛摇头玩	1	1
3406		毛耶和华	1	1
3407		毛耶苏	1	1
3408		毛耶稣	1	1
3409		毛叶剑英	1	1
3410		毛夜情	1	1
3411		毛一党专制	1	1
3412		毛一贯道	1	1
3413		毛一国两制	1	1
3414		毛一鲜	1	1
3415		毛一夜情	1	1
3416		毛一中一台	1	1
3417		毛伊拉克	1	1
3418		毛伊朗	1	1
3419		毛伊斯兰	1	1
3420		毛以茎至洞	1	1
3421		毛抑制剂	1	1
3422		毛阴部	1	1
3423		毛阴唇	1	1
3424		毛阴道	1	1
3425		毛阴蒂	1	1
3426		毛阴核	1	1
3427		毛阴户	1	1
3428		毛阴茎	1	1
3429		毛阴毛	1	1
3430		毛阴水	1	1
3431		毛阴小撕大	1	1
3432		毛淫	1	1
3433		毛淫荡	1	1
3434		毛淫秽	1	1
3435		毛淫货	1	1
3436		毛淫贱	1	1
3437		毛淫叫	1	1
3438		毛淫毛	1	1
3439		毛淫靡	1	1
3440		毛淫水	1	1
3441		毛淫娃	1	1
3442		毛淫语连连	1	1
3443		毛淫欲	1	1
3444		毛英雄纪念碑	1	1
3445		毛硬挺	1	1
3446		毛邮政局	1	1
3447		毛游行	1	1
3448		毛游戏发奖员	1	1
3449		毛游戏宫理员	1	1
3450		毛游戏管理员	1	1
3451		毛俞正声	1	1
3452		毛舆论钳制	1	1
3453		毛玉杵	1	1
3454		毛欲火焚身	1	1
3455		毛原子能机构	1	1
3456		毛泽东	1	1
3457		毛泽东靠	1	1
3458		毛贼东	1	1
3459		毛賊	1	1
3460		毛賊東	1	1
3461		毛主席	1	1
3462		毛阝月	1	1
3463		梅毒	1	1
3464		梅花网	1	1
3465		美国	1	1
3466		美国参考	1	1
3467		美国佬	1	1
3468		美国之音	1	1
3469		美國參考	1	1
3470		美國佬	1	1
3471		美國之音	1	1
3472		美利坚	1	1
3473		蒙尘药	1	1
3474		蒙独	1	1
3475		蒙獨	1	1
3476		蒙古达子	1	1
3477		蒙古達子	1	1
3478		蒙古鞑子	1	1
3479		蒙古独	1	1
3480		蒙古独立	1	1
3481		蒙古獨	1	1
3482		蒙古獨立	1	1
3483		蒙面	1	1
3484		蒙自	1	1
3485		蒙族	1	1
3486		梦遗	1	1
3487		迷幻药	1	1
3488		迷魂药	1	1
3489		迷奸药	1	1
3490		迷歼药	1	1
3491		迷药	1	1
3492		禰	1	1
3493		羋	1	1
3494		密洞	1	1
3495		密集人群	1	1
3496		密宗	1	1
3497		綿恒	1	1
3498		面包车	1	1
3499		灭	1	1
3500		民國	1	1
3501		民航局	1	1
3502		民进党	1	1
3503		民進黨	1	1
3504		民聯	1	1
3505		民意論壇	1	1
3506		民运	1	1
3507		民阵	1	1
3508		民陣	1	1
3509		民政部	1	1
3510		民猪	1	1
3511		民主潮	1	1
3512		民主党	1	1
3513		民主墻	1	1
3514		民族	1	1
3515		緡	1	1
3516		湣	1	1
3517		黽	1	1
3518		鰵	1	1
3519		明慧网	1	1
3520		摸咪咪	1	1
3521		摸你鶏巴	1	1
3522		摩门教	1	1
3523		茉莉花革命	1	1
3524		莫索里尼	1	1
3525		莫偉强	1	1
3526		谋杀	1	1
3527		嘸	1	1
3528		木子论坛	1	1
3529		木子論壇	1	1
3530		穆罕默德	1	1
3531		穆斯林	1	1
3532		那嗎B	1	1
3533		那嗎逼	1	1
3534		那嗎錯比	1	1
3535		那嗎老比	1	1
3536		那嗎瘟比	1	1
3537		那吗B	1	1
3538		那吗逼	1	1
3539		那吗错比	1	1
3540		那吗老比	1	1
3541		那吗瘟比	1	1
3542		那娘错比	1	1
3543		那娘錯比	1	1
3544		纳粹	1	1
3545		納粹	1	1
3546		奶娘	1	1
3547		奶头	1	1
3548		奶頭	1	1
3549		奶子	1	1
3550		南大自由论坛	1	1
3551		南大自由論壇	1	1
3552		南华早报	1	1
3553		南联盟	1	1
3554		南蛮	1	1
3555		南蛮子	1	1
3556		南蠻子	1	1
3557		南蠻子）	1	1
3558		鬧事	1	1
3559		內褲	1	1
3560		內衣	1	1
3561		嫩b	1	1
3562		能樣	1	1
3563		尼奧夫	1	1
3564		倪育賢	1	1
3565		鯢	1	1
3566		伱妈	1	1
3567		你爸	1	1
3568		你大爷	1	1
3569		你二大爷	1	1
3570		你老母	1	1
3571		你老味	1	1
3572		你姥	1	1
3573		你姥姥的	1	1
3574		你妈	1	1
3575		你妈逼	1	1
3576		你妈比	1	1
3577		你妈的	1	1
3578		你妈靠	1	1
3579		你妈了妹	1	1
3580		你媽	1	1
3581		你媽逼	1	1
3582		你媽比	1	1
3583		你媽的	1	1
3584		你媽了妹	1	1
3585		你娘	1	1
3586		你说我说论坛	1	1
3587		你說我說論壇	1	1
3588		你爷爷的	1	1
3589		你爺	1	1
3590		妳老母的	1	1
3591		妳妈的	1	1
3592		妳马的	1	1
3593		妳娘的	1	1
3594		娘饿比	1	1
3595		娘餓比	1	1
3596		鸟GM	1	1
3597		鸟你	1	1
3598		尿	1	1
3599		捏你鶏巴	1	1
3600		聂荣臻	1	1
3601		宁夏爆乱	1	1
3602		牛B	1	1
3603		牛B，牛比	1	1
3604		牛B靠	1	1
3605		牛逼	1	1
3606		牛逼靠	1	1
3607		牛比	1	1
3608		牛比靠	1	1
3609		农业部	1	1
3610		侬着冈峦	1	1
3611		侬着卵抛	1	1
3612		儂著岡巒	1	1
3613		儂著卵拋	1	1
3614		虐待	1	1
3615		儺	1	1
3616		諾姆	1	1
3617		女干	1	1
3618		女幹	1	1
3619		帕萨特	1	1
3620		拍肩神药	1	1
3621		潘國平	1	1
3622		蹣	1	1
3623		龐建國	1	1
3624		泡沫經濟	1	1
3625		轡	1	1
3626		喷你	1	1
3627		噴你	1	1
3628		朋友们注意	1	1
3629		皮条	1	1
3630		皮条客	1	1
3631		皮條客	1	1
3632		羆	1	1
3633		屁眼	1	1
3634		諞	1	1
3635		嫖娼	1	1
3636		嫖客	1	1
3637		苹果日报	1	1
3638		潑婦	1	1
3639		潑婦	1	1
3640		破坏	1	1
3641		破鞋	1	1
3642		歧视和压制	1	1
3643		骑她	1	1
3644		齊墨	1	1
3645		齊諾	1	1
3646		騎你	1	1
3647		起义	1	1
3648		气象局	1	1
3649		磧	1	1
3650		僉	1	1
3651		钱其琛	1	1
3652		鈐	1	1
3653		潜入	1	1
3654		錢達	1	1
3655		錢國梁	1	1
3656		錢其琛	1	1
3657		欠干	1	1
3658		欠骑	1	1
3659		欠人骑	1	1
3660		槧	1	1
3661		枪毙	1	1
3662		枪击	1	1
3663		枪击事件	1	1
3664		枪决女犯	1	1
3665		枪决现场	1	1
3666		枪支弹药	1	1
3667		錆	1	1
3668		强奸	1	1
3669		强奸犯	1	1
3670		强卫	1	1
3671		强效失意药	1	1
3672		强硬发言	1	1
3673		抢劫	1	1
3674		乔石	1	1
3675		侨办	1	1
3676		桥梁	1	1
3677		喬石	1	1
3678		嶠	1	1
3679		譙	1	1
3680		鞽	1	1
3681		切七	1	1
3682		窃听器	1	1
3683		窃听器材	1	1
3684		篋	1	1
3685		亲美	1	1
3686		亲民党	1	1
3687		亲日	1	1
3688		禽獸	1	1
3689		唚	1	1
3690		青天白日	1	1
3691		轻舟快讯	1	1
3692		輕舟快訊	1	1
3693		情妇	1	1
3694		情婦	1	1
3695		情色	1	1
3696		情兽	1	1
3697		情獸	1	1
3698		檾	1	1
3699		慶紅	1	1
3700		親美	1	1
3701		親民黨	1	1
3702		親日	1	1
3703		丘垂貞	1	1
3704		詘	1	1
3705		瞿溪	1	1
3706		曲靖	1	1
3707		曲靖黑帮	1	1
3708		曲利平	1	1
3709		去你的	1	1
3710		去你妈	1	1
3711		去你妈的	1	1
3712		去你媽的	1	1
3713		去妳的	1	1
3714		去妳妈	1	1
3715		去死	1	1
3716		去他妈	1	1
3717		去她妈	1	1
3718		闃	1	1
3719		棬	1	1
3720		全国两会	1	1
3721		全国人大	1	1
3722		全國兩會	1	1
3723		全國人大	1	1
3724		犬	1	1
3725		綣	1	1
3726		瘸腿帮	1	1
3727		瘸腿幫	1	1
3728		愨	1	1
3729		群P	1	1
3730		燃烧的西藏	1	1
3731		让你操	1	1
3732		讓你操	1	1
3733		热比娅	1	1
3734		热站政论网	1	1
3735		熱比婭	1	1
3736		熱站政論網	1	1
3737		人大代表	1	1
3738		人代会	1	1
3739		人弹	1	1
3740		人民报	1	1
3741		人民报讯	1	1
3742		人民報	1	1
3743		人民大会堂	1	1
3744		人民大會堂	1	1
3745		人民大众时事参考	1	1
3746		人民广场	1	1
3747		人民內情真相	1	1
3748		人民内情真相	1	1
3749		人民日报	1	1
3750		人民银行	1	1
3751		人民真实	1	1
3752		人民真实报道	1	1
3753		人民真實	1	1
3754		人民之声论坛	1	1
3755		人民之聲論壇	1	1
3756		人权	1	1
3757		人權	1	1
3758		人体炸弹	1	1
3759		人员密集	1	1
3760		日GM	1	1
3761		日X妈	1	1
3762		日本	1	1
3763		日本RING	1	1
3764		日本帝国	1	1
3765		日本帝國	1	1
3766		日本鬼子	1	1
3767		日本人	1	1
3768		日军	1	1
3769		日軍	1	1
3770		日妈的	1	1
3771		日內瓦金融	1	1
3772		日你	1	1
3773		日你姐	1	1
3774		日你老母	1	1
3775		日你妈	1	1
3776		日你妈靠	1	1
3777		日你媽	1	1
3778		日你妹	1	1
3779		日你奶	1	1
3780		日你娘	1	1
3781		日你全家	1	1
3782		日你爷爷	1	1
3783		日你爺爺	1	1
3784		日死	1	1
3785		日他娘	1	1
3786		肉棒	1	1
3787		肉壁	1	1
3788		肉洞	1	1
3789		肉缝	1	1
3790		肉棍	1	1
3791		肉棍子	1	1
3792		肉壶	1	1
3793		肉穴	1	1
3794		乳波臀浪	1	1
3795		乳房	1	1
3796		乳峰	1	1
3797		乳交	1	1
3798		乳头	1	1
3799		乳頭	1	1
3800		乳晕	1	1
3801		乳暈	1	1
3802		瑞士金融大學	1	1
3803		撒尿	1	1
3804		萨达姆	1	1
3805		薩達姆	1	1
3806		塞你爸	1	1
3807		塞你公	1	1
3808		塞你老母	1	1
3809		塞你老师	1	1
3810		塞你母	1	1
3811		塞你娘	1	1
3812		赛你娘	1	1
3813		赛妳娘	1	1
3814		赛他娘	1	1
3815		赛她娘	1	1
3816		三K党	1	1
3817		三K黨	1	1
3818		三个呆婊	1	1
3819		三个代表	1	1
3820		三个代婊	1	1
3821		三個代表	1	1
3822		三级片	1	1
3823		三級片	1	1
3824		三民主义	1	1
3825		三陪	1	1
3826		三陪女	1	1
3827		三去车仑	1	1
3828		三去车仑工力	1	1
3829		三去車侖工力	1	1
3830		三唑仑	1	1
3831		氵去	1	1
3832		氵去车仑工力	1	1
3833		氵去車侖工力	1	1
3834		毿	1	1
3835		糝	1	1
3836		骚	1	1
3837		骚B	1	1
3838		骚棒	1	1
3839		骚包	1	1
3840		骚逼	1	1
3841		骚棍	1	1
3842		骚货	1	1
3843		骚鶏	1	1
3844		骚卵	1	1
3845		騷B	1	1
3846		騷棒	1	1
3847		騷包	1	1
3848		騷逼	1	1
3849		騷棍	1	1
3850		騷貨	1	1
3851		騷鶏	1	1
3852		騷卵	1	1
3853		色情	1	1
3854		色情电影	1	1
3855		色情服务	1	1
3856		色情靠	1	1
3857		色情小电影	1	1
3858		杀佛	1	1
3859		杀光	1	1
3860		杀劫	1	1
3861		杀恐怖分子	1	1
3862		杀你全家	1	1
3863		杀你一家	1	1
3864		杀人	1	1
3865		杀人犯	1	1
3866		杀人魔	1	1
3867		沙甸	1	1
3868		殺你全家	1	1
3869		殺你一家	1	1
3870		殺人）	1	1
3871		殺人犯	1	1
3872		傻B	1	1
3873		傻B靠	1	1
3874		傻屄	1	1
3875		傻逼	1	1
3876		傻逼靠	1	1
3877		傻比	1	1
3878		傻吊	1	1
3879		傻卵	1	1
3880		傻鳥	1	1
3881		傻子	1	1
3882		煞逼	1	1
3883		煞笔	1	1
3884		煞笔靠	1	1
3885		煞筆	1	1
3886		釃	1	1
3887		山口组	1	1
3888		山口組	1	1
3889		删 号	1	1
3890		删 号靠	1	1
3891		删号	1	1
3892		删号靠	1	1
3893		商务部	1	1
3894		上訪	1	1
3895		上海帮	1	1
3896		上海幫	1	1
3897		上海孤兒院	1	1
3898		上你	1	1
3899		上妳	1	1
3900		上塘路	1	1
3901		尚义街	1	1
3902		少数民族	1	1
3903		社.会.正.义.力.量	1	1
3904		社保基金会	1	1
3905		社会主义	1	1
3906		社會主義	1	1
3907		社科院	1	1
3908		厙	1	1
3909		射精	1	1
3910		射了还说要	1	1
3911		射了還說要	1	1
3912		身份生成器	1	1
3913		身份证	1	1
3914		深度透视藏人自焚	1	1
3915		神经病	1	1
3916		神經病	1	1
3917		神通加持法	1	1
3918		审计署	1	1
3919		升达毕业证	1	1
3920		升天	1	1
3921		生春袋	1	1
3922		生孩子沒屁眼	1	1
3923		生孩子没屁眼	1	1
3924		生鸦片	1	1
3925		圣城拉萨的哭泣	1	1
3926		圣母	1	1
3927		圣女峰	1	1
3928		圣战	1	1
3929		圣战组织	1	1
3930		盛華仁	1	1
3931		聖戰	1	1
3932		湿了	1	1
3933		湿了还说不要	1	1
3934		湿了还说要	1	1
3935		湿透的内裤	1	1
3936		濕了還說不要	1	1
3937		濕了還說要	1	1
3938		十八摸	1	1
3939		十六大	1	1
3940		十年动乱	1	1
3941		十五周年	1	1
3942		时代论坛	1	1
3943		时事论坛	1	1
3944		食捻屎	1	1
3945		食屎	1	1
3946		時代論壇	1	1
3947		時事論壇	1	1
3948		驶你爸	1	1
3949		驶你公	1	1
3950		驶你老母	1	1
3951		驶你老师	1	1
3952		驶你母	1	1
3953		驶你娘	1	1
3954		屎	1	1
3955		屎你娘	1	1
3956		屎妳娘	1	1
3957		示威	1	1
3958		世界经济导报	1	1
3959		世界經濟導報	1	1
3960		世界日报	1	1
3961		市民	1	1
3962		市中心	1	1
3963		事實獨立	1	1
3964		是鸡	1	1
3965		貰	1	1
3966		释迦牟尼	1	1
3967		收费站	1	1
3968		手机复制	1	1
3969		手淫	1	1
3970		受虐狂	1	1
3971		售ID	1	1
3972		售号	1	1
3973		售软件	1	1
3974		攄	1	1
3975		数据中国	1	1
3976		數據中國	1	1
3977		双峰微颤	1	1
3978		双十节	1	1
3979		雙十節	1	1
3980		爽你	1	1
3981		水滸	1	1
3982		水利部	1	1
3983		水利局	1	1
3984		水去车仑	1	1
3985		稅力	1	1
3986		税务总局	1	1
3987		说藏语	1	1
3988		司法部	1	1
3989		司馬晋	1	1
3990		司馬璐	1	1
3991		司徒華	1	1
3992		私/服	1	1
3993		私\\服	1	1
3994		私处	1	1
3995		私處	1	1
3996		私服	1	1
3997		私-服	1	1
3998		私—服	1	1
3999		思科羅	1	1
4000		斯大林	1	1
4001		斯諾	1	1
4002		斯皮爾德	1	1
4003		死gd	1	1
4004		死gm	1	1
4005		死全家	1	1
4006		死亡	1	1
4007		四川独	1	1
4008		四川独立	1	1
4009		四川獨	1	1
4010		四川獨立	1	1
4011		四人帮	1	1
4012		四人幫	1	1
4013		四水六岗	1	1
4014		宋書元	1	1
4015		藪	1	1
4016		蘇南成	1	1
4017		蘇紹智	1	1
4018		蘇曉康	1	1
4019		蘇盈貴	1	1
4020		蘇貞昌	1	1
4021		誶	1	1
4022		孫大千	1	1
4023		孫中山	1	1
4024		他爹	1	1
4025		他干	1	1
4026		他妈	1	1
4027		他妈的	1	1
4028		他妈的靠	1	1
4029		他妈靠	1	1
4030		他媽	1	1
4031		他媽的	1	1
4032		他嗎的	1	1
4033		他马的	1	1
4034		他吗的	1	1
4035		他母亲	1	1
4036		他母親	1	1
4037		他娘	1	1
4038		他祖宗	1	1
4039		她妈	1	1
4040		她妈的	1	1
4041		她妈靠	1	1
4042		她媽	1	1
4043		她娘	1	1
4044		塔利班	1	1
4045		塔內	1	1
4046		塔烏	1	1
4047		鰨	1	1
4048		闥	1	1
4049		台办	1	1
4050		台独	1	1
4051		台独靠	1	1
4052		台联	1	1
4053		台盟	1	1
4054		台湾党	1	1
4055		台湾帝国	1	1
4056		台湾独	1	1
4057		台湾独立	1	1
4058		台湾共产党	1	1
4059		台湾共和国	1	1
4060		台湾狗	1	1
4061		台湾国	1	1
4062		台湾建国运动组织	1	1
4063		台湾民国	1	1
4064		台湾青年独立联盟	1	1
4065		台湾政论区	1	1
4066		台湾自由联盟	1	1
4067		臺盟	1	1
4068		臺灣帝國	1	1
4069		臺灣獨	1	1
4070		臺灣獨立	1	1
4071		臺灣共産黨	1	1
4072		臺灣狗	1	1
4073		臺灣建國運動組織	1	1
4074		臺灣民國	1	1
4075		臺灣青年獨立聯盟	1	1
4076		臺灣政論區	1	1
4077		臺灣自由聯盟	1	1
4078		太监	1	1
4079		太監	1	1
4080		太子党	1	1
4081		湯光中	1	1
4082		唐柏橋	1	1
4083		唐家璇	1	1
4084		桃源湖	1	1
4085		淘宝	1	1
4086		淘宝靠	1	1
4087		鞀	1	1
4088		特别公告	1	1
4089		特码	1	1
4090		謄	1	1
4091		体育总局	1	1
4092		天安门	1	1
4093		天安门档案	1	1
4094		天安门录像带	1	1
4095		天安门录影带	1	1
4096		天安门事件	1	1
4097		天安门屠杀	1	1
4098		天安门一代	1	1
4099		天安門	1	1
4100		天安門錄影帶	1	1
4101		天安門事件	1	1
4102		天安門屠殺	1	1
4103		天安門一代	1	1
4104		天鹅之旅	1	1
4105		天皇	1	1
4106		天皇陛下	1	1
4107		天閹	1	1
4108		天主教	1	1
4109		田纪云	1	1
4110		田紀雲	1	1
4111		舔西	1	1
4112		调理劳务系	1	1
4113		跳大神	1	1
4114		铁道部	1	1
4115		同伙	1	1
4116		统独	1	1
4117		统独论坛	1	1
4118		统计局	1	1
4119		统一服装	1	1
4120		统战	1	1
4121		統獨	1	1
4122		統獨論壇	1	1
4123		統戰	1	1
4124		头戴白帽	1	1
4125		投毒杀人	1	1
4126		頭領奧馬	1	1
4127		透视软件	1	1
4128		透视眼镜	1	1
4129		突厥斯坦	1	1
4130		图案衣服	1	1
4131		屠杀	1	1
4132		屠殺	1	1
4133		屠宰藏民	1	1
4134		吐蕃之友会	1	1
4135		摶	1	1
4136		推油	1	1
4137		退党	1	1
4138		托管理事会	1	1
4139		脱逃	1	1
4140		鼉	1	1
4141		籜	1	1
4142		膃	1	1
4143		咼	1	1
4144		外　挂	1	1
4145		外/挂	1	1
4146		外\\挂	1	1
4147		外_挂	1	1
4148		外挂	1	1
4149		外-挂	1	1
4150		外—挂	1	1
4151		外汇局	1	1
4152		外交部	1	1
4153		外交论坛	1	1
4154		外交論壇	1	1
4155		外交与方略	1	1
4156		外交與方略	1	1
4157		外专局	1	1
4158		晚年周恩来	1	1
4159		万税	1	1
4160		万维读者论坛	1	1
4161		萬里	1	1
4162		萬潤南	1	1
4163		萬維讀者論壇	1	1
4164		萬曉東	1	1
4165		王八蛋	1	1
4166		王寶森	1	1
4167		王超華	1	1
4168		王輔臣	1	1
4169		王剛	1	1
4170		王涵萬	1	1
4171		王洪文	1	1
4172		王滬寧	1	1
4173		王軍濤	1	1
4174		王岐山	1	1
4175		王潤生	1	1
4176		王世堅	1	1
4177		王世勛	1	1
4178		王秀麗	1	1
4179		王樂泉	1	1
4180		王兆國	1	1
4181		网管	1	1
4182		網禪	1	1
4183		網特	1	1
4184		威而钢	1	1
4185		威而柔	1	1
4186		维吾尔人	1	1
4187		维吾尔族	1	1
4188		维族灭绝	1	1
4189		维族男子	1	1
4190		伟哥	1	1
4191		猥褻	1	1
4192		卫生部	1	1
4193		尉建军	1	1
4194		尉建軍	1	1
4195		尉健行	1	1
4196		温B	1	1
4197		温逼	1	1
4198		温比	1	1
4199		温加宝	1	1
4200		温家宝	1	1
4201		温家宝靠	1	1
4202		温家保	1	1
4203		温馨	1	1
4204		温州	1	1
4205		温州路口	1	1
4206		温总理	1	1
4207		溫B	1	1
4208		溫逼	1	1
4209		溫比	1	1
4210		溫家寶	1	1
4211		溫元凱	1	1
4212		瘟家宝	1	1
4213		文化部	1	1
4214		文物局	1	1
4215		倭国	1	1
4216		倭寇	1	1
4217		我操	1	1
4218		我操靠	1	1
4219		我操你	1	1
4220		我草	1	1
4221		我干	1	1
4222		我奸	1	1
4223		我靠	1	1
4224		我咧干	1	1
4225		我妳老爸	1	1
4226		我日	1	1
4227		我日靠	1	1
4228		我日你	1	1
4229		沃尔开西	1	1
4230		无邦国	1	1
4231		无帮国	1	1
4232		无帮过	1	1
4233		无辜平民	1	1
4234		无界浏览器	1	1
4235		无限期绝食	1	1
4236		吴邦国	1	1
4237		吴帮国	1	1
4238		吴官正	1	1
4239		吳百益	1	1
4240		吳敦義	1	1
4241		吳方城	1	1
4242		吳弘達	1	1
4243		吳宏達	1	1
4244		吳仁華	1	1
4245		吳淑珍	1	1
4246		吳學璨	1	1
4247		吳學燦	1	1
4248		吳育升	1	1
4249		吳志芳	1	1
4250		無界瀏覽器	1	1
4251		五华区	1	1
4252		五省藏区	1	1
4253		五星红旗	1	1
4254		武警	1	1
4255		武力镇压	1	1
4256		西藏3.14事件	1	1
4257		西藏的命运	1	1
4258		西藏的内部斗争	1	1
4259		西藏的现在—遥远的拉萨	1	1
4260		西藏的自焚：世界的耻辱	1	1
4261		西藏独	1	1
4262		西藏独立	1	1
4263		西藏独立宣言	1	1
4264		西藏獨）	1	1
4265		西藏分裂	1	1
4266		西藏高度自治	1	1
4267		西藏高度自治备忘录	1	1
4268		西藏国	1	1
4269		西藏流亡政府	1	1
4270		西藏名副其实的自治	1	1
4271		西藏人民议会	1	1
4272		西藏人权	1	1
4273		西藏人权与民主促进中心	1	1
4274		西藏天葬	1	1
4275		西藏问题	1	1
4276		西藏问题整理1	1	1
4277		吸毒	1	1
4278		希拉克	1	1
4279		希特勒	1	1
4280		希望之声	1	1
4281		习近平	1	1
4282		习远平	1	1
4283		袭击	1	1
4284		袭近平	1	1
4285		洗脑班	1	1
4286		洗腦	1	1
4287		系统消息	1	1
4288		系统讯息	1	1
4289		系統	1	1
4290		系統公告	1	1
4291		系統消息	1	1
4292		细菌	1	1
4293		郤	1	1
4294		餼	1	1
4295		下毒	1	1
4296		下贱	1	1
4297		下賤	1	1
4298		下体	1	1
4299		下體	1	1
4300		先奸后杀	1	1
4301		薟	1	1
4302		鮮族	1	1
4303		現金交易	1	1
4304		乡巴佬	1	1
4305		想上你	1	1
4306		項懷誠	1	1
4307		項小吉	1	1
4308		小B样	1	1
4309		小B樣	1	1
4310		小比样	1	1
4311		小參考	1	1
4312		小鸡鸡	1	1
4313		小鶏鶏	1	1
4314		小姐兼职	1	1
4315		小泉纯一郎	1	1
4316		小泉純一郎	1	1
4317		小日本	1	1
4318		小肉粒	1	1
4319		小乳头	1	1
4320		小穴	1	1
4321		邪教	1	1
4322		謝長廷	1	1
4323		謝深山	1	1
4324		謝選駿	1	1
4325		謝中之	1	1
4326		辛灝年	1	1
4327		新党	1	1
4328		新观察论坛	1	1
4329		新觀察論壇	1	1
4330		新光明	1	1
4331		新华举报	1	1
4332		新华内情	1	1
4333		新华社	1	1
4334		新华通论坛	1	1
4335		新華舉報	1	1
4336		新華內情	1	1
4337		新華通論壇	1	1
4338		新疆7.5事件	1	1
4339		新疆歹徒	1	1
4340		新疆独	1	1
4341		新疆独立	1	1
4342		新疆獨	1	1
4343		新疆分裂	1	1
4344		新疆国	1	1
4345		新疆恐怖分子	1	1
4346		新疆恐怖人员	1	1
4347		新疆人	1	1
4348		新街邮电口	1	1
4349		新生网	1	1
4350		新生網	1	1
4351		新手指导员	1	1
4352		新唐人	1	1
4353		新闻办	1	1
4354		新闻出版	1	1
4355		新闻出版署	1	1
4356		新闻出版总署	1	1
4357		新闻封锁	1	1
4358		新闻管制	1	1
4359		新聞出版總署	1	1
4360		新聞封鎖	1	1
4361		新义安	1	1
4362		新義安	1	1
4363		新语丝	1	1
4364		新語絲	1	1
4365		新月星星	1	1
4366		信房	1	1
4367		信访局	1	1
4368		信息	1	1
4369		信息产业部	1	1
4370		信仰自由	1	1
4371		信用危機	1	1
4372		星星月亮	1	1
4373		星月服	1	1
4374		邢錚	1	1
4375		兴奋剂	1	1
4376		性爱	1	1
4377		性愛	1	1
4378		性病	1	1
4379		性高潮	1	1
4380		性交	1	1
4381		性交靠	1	1
4382		性虐	1	1
4383		性虐待	1	1
4384		性无能	1	1
4385		性無能	1	1
4386		性欲	1	1
4387		徐國舅	1	1
4388		諼	1	1
4389		薛偉	1	1
4390		穴	1	1
4391		学潮	1	1
4392		学联	1	1
4393		学运	1	1
4394		学自联	1	1
4395		學潮	1	1
4396		學聯	1	1
4397		學運	1	1
4398		學自聯	1	1
4399		澩	1	1
4400		雪域烈焰?藏人自焚	1	1
4401		血逼	1	1
4402		血腥	1	1
4403		血腥图片	1	1
4404		血债血偿	1	1
4405		巡查员	1	1
4406		丫的	1	1
4407		丫头养的	1	1
4408		鸦片	1	1
4409		鸦片液	1	1
4410		鸦片渣	1	1
4411		烟草局	1	1
4412		阉狗	1	1
4413		閹狗	1	1
4414		严方军	1	1
4415		严控	1	1
4416		严重	1	1
4417		颜射	1	1
4418		閻明複	1	1
4419		顔清標	1	1
4420		顔慶章	1	1
4421		顔射	1	1
4422		嚴家其	1	1
4423		嚴家祺	1	1
4424		燕玲论坛	1	1
4425		央视内部晚会	1	1
4426		央視內部晚會	1	1
4427		羊肉串	1	1
4428		阳精	1	1
4429		阳具	1	1
4430		阳痿	1	1
4431		阳物	1	1
4432		陽具	1	1
4433		陽痿	1	1
4434		陽物	1	1
4435		楊懷安	1	1
4436		楊建利	1	1
4437		楊巍	1	1
4438		楊月清	1	1
4439		楊周	1	1
4440		姚羅	1	1
4441		姚文元	1	1
4442		姚月謙	1	1
4443		摇头丸	1	1
4444		摇头玩	1	1
4445		搖頭丸	1	1
4446		耶和华	1	1
4447		耶苏	1	1
4448		耶稣	1	1
4449		耶穌	1	1
4450		野鶏	1	1
4451		叶剑英	1	1
4452		夜話紫禁城	1	1
4453		夜情	1	1
4454		葉菊蘭	1	1
4455		一边一国	1	1
4456		一党专制	1	1
4457		一贯道	1	1
4458		一国两制	1	1
4459		一陀粪	1	1
4460		一陀糞	1	1
4461		一位汉族女孩子致全体藏族同胞的一封信	1	1
4462		一夜情	1	1
4463		一中一台	1	1
4464		伊拉克	1	1
4465		伊朗	1	1
4466		伊力哈木	1	1
4467		伊斯兰	1	1
4468		伊斯兰亚格林尼斯	1	1
4469		伊斯蘭	1	1
4470		伊斯蘭亞格林尼斯	1	1
4471		移民	1	1
4472		遗精	1	1
4473		遺精	1	1
4474		以茎至洞	1	1
4475		异见人士	1	1
4476		异見人士	1	1
4477		异议人士	1	1
4478		异議人士	1	1
4479		抑制剂	1	1
4480		易丹軒	1	1
4481		阴部	1	1
4482		阴唇	1	1
4483		阴道	1	1
4484		阴蒂	1	1
4485		阴核	1	1
4486		阴户	1	1
4487		阴茎	1	1
4488		阴精	1	1
4489		阴毛	1	1
4490		阴门	1	1
4491		阴囊	1	1
4492		阴水	1	1
4493		阴小撕大	1	1
4494		陰部	1	1
4495		陰唇	1	1
4496		陰道	1	1
4497		陰蒂	1	1
4498		陰戶	1	1
4499		陰莖	1	1
4500		陰精	1	1
4501		陰毛	1	1
4502		陰門	1	1
4503		陰囊	1	1
4504		陰水	1	1
4505		银川机场	1	1
4506		淫	1	1
4507		淫荡	1	1
4508		淫蕩	1	1
4509		淫洞	1	1
4510		淫秽	1	1
4511		淫穢	1	1
4512		淫货	1	1
4513		淫貨	1	1
4514		淫贱	1	1
4515		淫賤	1	1
4516		淫叫	1	1
4517		淫乱	1	1
4518		淫毛	1	1
4519		淫靡	1	1
4520		淫湿	1	1
4521		淫水	1	1
4522		淫娃	1	1
4523		淫穴	1	1
4524		淫液	1	1
4525		淫语连连	1	1
4526		淫欲	1	1
4527		淫汁	1	1
4528		欽本立	1	1
4529		尹慶民	1	1
4530		饮水中毒	1	1
4531		印藏联络协会	1	1
4532		印尼伊斯兰祈祷团	1	1
4533		英雄纪念碑	1	1
4534		罂粟	1	1
4535		硬挺	1	1
4536		由喜貴	1	1
4537		邮政局	1	1
4538		游行	1	1
4539		游錫坤	1	1
4540		游戏发奖员	1	1
4541		游戏宫理员	1	1
4542		游戏管理员	1	1
4543		游戲管理員	1	1
4544		幼齿	1	1
4545		幼齒	1	1
4546		幼儿园	1	1
4547		幼龍	1	1
4548		于幼軍	1	1
4549		余党在逃窜	1	1
4550		余英時	1	1
4551		俞正声	1	1
4552		舆论	1	1
4553		舆论反制	1	1
4554		舆论钳制	1	1
4555		輿論	1	1
4556		輿論反制	1	1
4557		宇明网	1	1
4558		宇明網	1	1
4559		玉杵	1	1
4560		玉林	1	1
4561		欲火焚身	1	1
4562		原子能机构	1	1
4563		圆满	1	1
4564		援交	1	1
4565		援交妹	1	1
4566		圓滿	1	1
4567		緣圈圈	1	1
4568		远程偷拍	1	1
4569		远离恐惧	1	1
4570		遠志明	1	1
4571		曰GM	1	1
4572		曰你	1	1
4573		月经	1	1
4574		月经不调	1	1
4575		月經	1	1
4576		云a8366c	1	1
4577		云南暴乱	1	1
4578		云南爆乱	1	1
4579		杂种	1	1
4580		雜種	1	1
4581		再奸	1	1
4582		赞普的勇气	1	1
4583		早泄	1	1
4584		造爱	1	1
4585		造愛	1	1
4586		造惨案	1	1
4587		造反	1	1
4588		泽民	1	1
4589		則民	1	1
4590		擇民	1	1
4591		澤夫	1	1
4592		澤民	1	1
4593		賊民	1	1
4594		扎卡维	1	1
4595		扎卡维是英雄	1	1
4596		扎卡維是英雄	1	1
4597		渣波波	1	1
4598		炸机场	1	1
4599		炸客车	1	1
4600		炸药	1	1
4601		战牌	1	1
4602		战牌靠	1	1
4603		战争行为	1	1
4604		站前路	1	1
4605		章孝嚴	1	1
4606		張伯笠	1	1
4607		張博雅	1	1
4608		張鋼	1	1
4609		張健	1	1
4610		張林	1	1
4611		張清芳	1	1
4612		張偉國	1	1
4613		張溫鷹	1	1
4614		張燕歸	1	1
4615		張昭富	1	1
4616		張志清	1	1
4617		长刀	1	1
4618		长水机场	1	1
4619		帳號	1	1
4620		賬號	1	1
4621		招鶏	1	1
4622		赵紫阳	1	1
4623		趙海青	1	1
4624		趙建銘	1	1
4625		趙南	1	1
4626		趙品潞	1	1
4627		趙曉微	1	1
4628		趙紫陽	1	1
4629		贞操	1	1
4630		侦探设备	1	1
4631		珍珠路口	1	1
4632		貞操	1	1
4633		真理教	1	1
4634		真善忍	1	1
4635		真主安拉	1	1
4636		镇压	1	1
4637		鎮壓	1	1
4638		争鸣论坛	1	1
4639		爭鳴論壇	1	1
4640		正法	1	1
4641		正见网	1	1
4642		正見網	1	1
4643		正清网	1	1
4644		正悟网	1	1
4645		正义党论坛	1	1
4646		正義黨論壇	1	1
4647		证监会	1	1
4648		郑德金	1	1
4649		郑有金	1	1
4650		政变	1	1
4651		政府	1	1
4652		政见	1	1
4653		政权	1	1
4654		政權	1	1
4655		政协	1	1
4656		政治反对派	1	1
4657		政治反對派	1	1
4658		政治犯	1	1
4659		政治风波	1	1
4660		政治阴谋	1	1
4661		政治运动	1	1
4662		鄭寶清	1	1
4663		鄭德金	1	1
4664		鄭麗文	1	1
4665		鄭義	1	1
4666		鄭有金	1	1
4667		鄭餘鎮	1	1
4668		鄭源	1	1
4669		鄭運鵬	1	1
4670		值勤	1	1
4671		值勤账号	1	1
4672		指导员	1	1
4673		指点江山论坛	1	1
4674		指點江山論壇	1	1
4675		制式服装	1	1
4676		质检局	1	1
4677		致幻剂	1	1
4678		中藏和谈	1	1
4679		中俄边界	1	1
4680		中俄边界新约	1	1
4681		中俄邊界	1	1
4682		中共	1	1
4683		中共中央	1	1
4684		中国	1	1
4685		中国的领导人	1	1
4686		中国复兴论坛	1	1
4687		中国共产党	1	1
4688		中国孤儿院	1	1
4689		中国和平	1	1
4690		中国恐怖组织	1	1
4691		中国论坛	1	1
4692		中国社会进步党	1	1
4693		中国社会论坛	1	1
4694		中国威胁论	1	1
4695		中国问题论坛	1	1
4696		中国真实内容	1	1
4697		中国之春	1	1
4698		中国猪	1	1
4699		中國復興論壇	1	1
4700		中國共産黨	1	1
4701		中國孤兒院	1	1
4702		中國和平	1	1
4703		中國論壇	1	1
4704		中國社會進步黨	1	1
4705		中國社會論壇	1	1
4706		中國威脅論	1	1
4707		中國問題論壇	1	1
4708		中國移動通信	1	1
4709		中國真實內容	1	1
4710		中國之春	1	1
4711		中國猪	1	1
4712		中华讲清	1	1
4713		中华民国	1	1
4714		中华人民共和国	1	1
4715		中华人民实话实说	1	1
4716		中华人民正邪	1	1
4717		中华时事	1	1
4718		中华养生益智功	1	1
4719		中华真实报道	1	1
4720		中華大地	1	1
4721		中華大衆	1	1
4722		中華講清	1	1
4723		中華民國	1	1
4724		中華人民實話實說	1	1
4725		中華人民正邪	1	1
4726		中華時事	1	1
4727		中華養生益智功	1	1
4728		中華真實報道	1	1
4729		中间道路	1	1
4730		中间道路协会	1	1
4731		中奖	1	1
4732		中獎	1	1
4733		中科院	1	1
4734		中南海	1	1
4735		中宣部	1	1
4736		中央	1	1
4737		中央电视台	1	1
4738		中央電視臺	1	1
4739		中央政治局	1	1
4740		中央政治局委员	1	1
4741		中医药局	1	1
4742		中医院	1	1
4743		钟山风雨论坛	1	1
4744		鐘山風雨論壇	1	1
4745		种族灭绝	1	1
4746		种族灭绝罪	1	1
4747		周恩來	1	1
4748		周鋒鎖	1	1
4749		周守訓	1	1
4750		粥永康	1	1
4751		轴永康	1	1
4752		碡	1	1
4753		肘永康	1	1
4754		朱鳳芝	1	1
4755		朱立倫	1	1
4756		朱狨基	1	1
4757		朱容鸡	1	1
4758		朱容基	1	1
4759		朱溶剂	1	1
4760		朱溶劑	1	1
4761		朱熔基	1	1
4762		朱镕基	1	1
4763		朱总理	1	1
4764		诛九族	1	1
4765		猪操	1	1
4766		猪聋畸	1	1
4767		猪聾畸	1	1
4768		猪猡	1	1
4769		猪毛	1	1
4770		猪容基	1	1
4771		猪仔巷	1	1
4772		主席	1	1
4773		主義	1	1
4774		抓捕	1	1
4775		专政	1	1
4776		專政	1	1
4777		專制	1	1
4778		转法轮	1	1
4779		装B	1	1
4780		装B靠	1	1
4781		装屄	1	1
4782		装逼	1	1
4783		装逼靠	1	1
4784		追查国际	1	1
4785		卓伯源	1	1
4786		資本主義	1	1
4787		子宫	1	1
4788		子宮	1	1
4789		子女任职名单	1	1
4790		自焚	1	1
4791		自民党	1	1
4792		自民黨	1	1
4793		自杀手册	1	1
4794		自杀指南	1	1
4795		自慰	1	1
4796		自由民主论坛	1	1
4797		自由民主論壇	1	1
4798		自由西藏学生运动	1	1
4799		自由亚洲电台	1	1
4800		自由运动	1	1
4801		自由之门	1	1
4802		自制手枪	1	1
4803		自治机关	1	1
4804		宗教	1	1
4805		总局	1	1
4806		总理	1	1
4807		总书记	1	1
4808		總理	1	1
4809		走私	1	1
4810		组团	1	1
4811		组织	1	1
4812		最新消息	1	1
4813		罪无可赦	1	1
4814		阝月	1	1
4815		作爱	1	1
4816		作愛	1	1
4817		作秀	1	1
4818		坐台的	1	1
4819		坐庄	1	1
4820		做爱	1	1
4821		做愛	1	1
4822		做愛）	1	1
4823		㈧	1	1
4824		㈱	1	1
4825		全能神	1	1
4826		[	0	1
4827		]	0	1
4828		黑市商人	0	1
4829		迎宾	0	1
