Id	Desc	SceneID	DataID	PosX	PosZ	FaceDirection
INT	STRING	INT	INT	FLOAT	FLOAT	FLOAT
#MAX_ID=4999;MAX_RECORD=5000;TableType=Hash;						
#唯一标示	描述，策划维护，此列程序不读	所属场景	DataID	位置X	位置Z	Npc朝向(弧度数值)
9	捕役	1	10201	12978.0	6511.0	-163.0
10	捕役	1	10201	12712.0	6480.0	-163.0
11	捕役	1	10201	12907.0	7049.0	-163.0
12	捕役	1	10201	12574.0	6064.0	-163.0
13	捕役	1	10201	12746.0	6525.0	-163.0
14	捕役	1	10201	13251.0	6928.0	-163.0
15	捕役	1	10201	13093.0	7389.0	-163.0
16	捕役	1	10201	11670.0	10446.0	-157.0
17	捕役	1	10201	11999.0	10205.0	-157.0
18	捕役	1	10201	12096.0	10652.0	-157.0
19	捕役	1	10201	12746.0	10111.0	-157.0
20	捕役	1	10201	13039.0	10356.0	-157.0
21	捕役	1	10201	12390.0	10051.0	-157.0
22	山贼	1	10202	6345.0	14168.0	-62.0
23	山贼	1	10202	6467.0	14558.0	-62.0
24	山贼	1	10202	6760.0	14710.0	-62.0
25	山贼	1	10202	6786.0	13694.0	-62.0
26	山贼	1	10202	7133.0	14436.0	-62.0
27	山贼	1	10202	7206.0	13522.0	-62.0
28	山贼	1	10202	7453.0	13895.0	-62.0
29	山贼	1	10202	6983.0	14026.0	-62.0
30	印牌	1	10301	8310.0	14995.0	-163.0
37	黄巾军亡魂	2	20202	4731.0	1306.0	140.0
38	黄巾军亡魂	2	20202	4859.0	981.0	140.0
39	黄巾军亡魂	2	20202	4619.0	992.0	140.0
40	黄巾军亡魂	2	20202	4961.0	1254.0	140.0
41	黄巾军亡魂	2	20202	4505.0	1292.0	140.0
42	黄巾军亡魂	2	20202	3618.0	2558.0	19.0
43	黄巾军亡魂	2	20202	4645.0	1562.0	140.0
44	黄巾军亡魂	2	20202	4396.0	1608.0	140.0
45	黄巾军亡魂	2	20202	3482.0	3053.0	140.0
46	黄巾军亡魂	2	20202	3132.0	2732.0	140.0
47	黄巾军亡魂	2	20202	3218.0	3024.0	140.0
48	黄巾军亡魂	2	20202	3342.0	2831.0	108.0
49	黄巾军亡魂	2	20202	3525.0	2735.0	84.0
50	袁绍	2	20203	4133.0	3998.0	-162.0
51	亡魂枪客	2	20204	7391.0	4276.0	-168.0
52	亡魂枪客	2	20204	7650.0	4194.0	-168.0
53	亡魂枪客	2	20204	7919.0	4137.0	-168.0
54	亡魂枪客	2	20204	7121.0	4275.0	-168.0
55	亡魂枪客	2	20204	8082.0	4369.0	-168.0
56	亡魂枪客	2	20204	7800.0	4398.0	-168.0
57	亡魂枪客	2	20204	7547.0	4458.0	-168.0
58	亡魂枪客	2	20204	7239.0	4499.0	-168.0
59	亡魂枪客	2	20204	6935.0	4536.0	-168.0
60	亡魂刀客	2	20205	3028.0	6834.0	-105.0
61	亡魂刀客	2	20205	2585.0	6668.0	-105.0
62	亡魂刀客	2	20205	2832.0	6677.0	-105.0
63	亡魂刀客	2	20205	2510.0	6433.0	-105.0
64	亡魂刀客	2	20205	2777.0	6408.0	-105.0
65	亡魂刀客	2	20205	3083.0	6546.0	-105.0
66	亡魂刀客	2	20205	3140.0	7095.0	-105.0
67	亡魂刀客	2	20205	3293.0	6783.0	-105.0
68	狼烟	2	20301	2668.0	5359.0	-462.0
73	野狼	3	30202	3032.0	5145.0	-157.0
74	野狼	3	30202	3012.0	5425.0	-157.0
75	野狼	3	30202	2709.0	4993.0	-157.0
76	野狼	3	30202	2836.0	5208.0	-157.0
77	野狼	3	30202	3053.0	4840.0	-157.0
78	野狼	3	30202	3251.0	5041.0	-157.0
79	野狼	3	30202	3434.0	5216.0	-157.0
80	窃贼	3	30203	3812.0	1991.0	-207.0
81	窃贼	3	30203	4022.0	1882.0	-207.0
82	窃贼	3	30203	3770.0	1768.0	-207.0
83	窃贼	3	30203	3501.0	1776.0	-207.0
84	窃贼	3	30203	3557.0	2032.0	-207.0
85	窃贼	3	30203	4021.0	2146.0	-207.0
86	窃贼	3	30203	3305.0	1946.0	-207.0
87	窃贼	3	30203	4217.0	2090.0	-207.0
88	窃贼	3	30203	6270.0	2369.0	-207.0
89	窃贼	3	30203	6005.0	2366.0	-207.0
90	窃贼	3	30203	6483.0	2206.0	-207.0
91	窃贼	3	30203	6284.0	1836.0	-207.0
92	窃贼	3	30203	6281.0	2093.0	-207.0
93	野猪	3	30204	5223.0	5065.0	-287.0
94	野猪	3	30204	5262.0	4848.0	-287.0
95	野猪	3	30204	5516.0	5146.0	-287.0
96	野猪	3	30204	5020.0	5268.0	-287.0
97	野猪	3	30204	5373.0	5304.0	-287.0
98	野猪	3	30204	4936.0	5042.0	-287.0
99	野猪	3	30204	5511.0	4955.0	-287.0
100	野猪	3	30204	4696.0	5126.0	-287.0
101	草药	3	30301	1894.0	4470.0	-287.0
105	铁骑兵	4	40201	10957.0	10299.0	-112.0
106	铁骑兵	4	40201	11336.0	10362.0	-112.0
107	铁骑兵	4	40201	11113.0	10696.0	-112.0
108	铁骑兵	4	40201	10764.0	10677.0	-112.0
109	铁骑兵	4	40201	10615.0	10103.0	-112.0
110	铁骑兵	4	40201	11311.0	9963.0	-112.0
111	铁骑兵	4	40201	10936.0	9850.0	-112.0
112	铁骑兵	4	40201	10542.0	10429.0	-112.0
113	铁骑兵	4	40201	11671.0	9944.0	-112.0
114	铁骑兵	4	40201	10295.0	10146.0	-112.0
115	铁骑兵	4	40201	10255.0	10509.0	-112.0
116	铁骑兵	4	40201	13634.0	7309.0	-455.0
117	铁骑兵	4	40201	13377.0	7606.0	-112.0
118	铁骑兵	4	40201	13873.0	7498.0	-112.0
119	铁骑兵	4	40201	13615.0	7726.0	-112.0
120	铁骑兵	4	40201	13288.0	7946.0	-112.0
121	华雄	4	40202	14438.0	8101.0	-262.0
122	精锐步兵	4	40203	2105.0	9622.0	0.0
123	精锐步兵	4	40203	1897.0	9032.0	0.0
124	精锐步兵	4	40203	1950.0	9359.0	0.0
125	精锐步兵	4	40203	1756.0	9650.0	0.0
126	精锐步兵	4	40203	2281.0	9154.0	0.0
127	精锐步兵	4	40203	1863.0	10267.0	0.0
128	精锐步兵	4	40203	2257.0	10229.0	0.0
129	精锐步兵	4	40203	2887.0	8804.0	0.0
130	精锐步兵	4	40203	2390.0	9920.0	0.0
131	精锐步兵	4	40203	1655.0	9955.0	0.0
132	精锐步兵	4	40203	2021.0	9958.0	0.0
133	精锐步兵	4	40203	2224.0	10578.0	0.0
134	精锐步兵	4	40203	2417.0	9461.0	0.0
135	精锐步兵	4	40203	2686.0	9112.0	0.0
136	奉先亲卫	4	40204	7978.0	3875.0	-338.0
137	奉先亲卫	4	40204	7327.0	4437.0	-338.0
138	奉先亲卫	4	40204	8134.0	4247.0	-338.0
139	奉先亲卫	4	40204	8523.0	3931.0	-338.0
140	奉先亲卫	4	40204	7471.0	4004.0	-338.0
141	奉先亲卫	4	40204	7618.0	3706.0	-338.0
142	奉先亲卫	4	40204	8545.0	4187.0	-338.0
143	奉先亲卫	4	40204	8288.0	3563.0	-338.0
144	奉先亲卫	4	40204	7860.0	3494.0	-338.0
145	奉先亲卫	4	40204	7734.0	4346.0	-338.0
146	龙骨草	4	40301	4019.0	10917.0	-244.0
